step mean std sem n
0.0151 91.492 0.000 0.000 1
0.0201 69.408 6.700 3.350 4
0.0251 72.747 6.396 3.198 4
0.0302 81.560 6.417 3.209 4
0.0352 75.853 10.137 5.069 4
0.0402 73.572 16.198 8.099 4
0.0452 84.592 14.818 7.409 4
0.0503 82.060 5.849 2.925 4
0.0553 101.768 1.902 0.951 4
0.0603 107.457 12.985 6.492 4
0.0653 115.989 11.901 5.950 4
0.0704 105.429 16.030 8.015 4
0.0754 104.563 13.918 6.959 4
0.0804 109.238 16.775 8.388 4
0.0854 108.374 22.814 11.407 4
0.0905 123.733 35.033 17.517 4
0.0955 125.399 33.428 16.714 4
0.1005 130.588 56.793 28.396 4
0.1055 139.730 51.992 25.996 4
0.1106 141.734 47.986 23.993 4
0.1156 132.624 40.961 20.481 4
0.1206 140.694 45.279 22.639 4
0.1256 138.366 22.272 11.136 4
0.1307 151.993 27.790 13.895 4
0.1357 151.351 32.839 16.420 4
0.1407 161.249 40.317 20.159 4
0.1457 156.217 33.195 16.597 4
0.1508 154.578 28.352 14.176 4
0.1558 160.607 33.728 16.864 4
0.1608 168.190 21.595 10.798 4
0.1658 162.787 23.655 11.828 4
0.1709 153.811 10.117 5.059 4
0.1759 142.156 10.615 5.307 4
0.1809 125.066 26.484 13.242 4
0.1859 132.324 31.432 15.716 4
0.1910 140.930 29.502 14.751 4
0.1960 158.461 39.441 19.720 4
0.2010 160.449 41.733 20.866 4
0.2060 168.545 54.874 27.437 4
0.2111 154.525 34.140 17.070 4
0.2161 140.885 30.683 15.342 4
0.2211 148.722 34.571 17.286 4
0.2261 149.925 45.604 22.802 4
0.2312 147.886 42.622 21.311 4
0.2362 153.069 50.952 25.476 4
0.2412 162.540 57.229 28.615 4
0.2462 155.664 40.396 20.198 4
0.2513 161.889 33.310 16.655 4
0.2563 160.136 28.366 14.183 4
0.2613 146.605 17.760 8.880 4
0.2663 149.767 38.184 19.092 4
0.2714 153.042 45.706 22.853 4
0.2764 153.618 42.973 21.487 4
0.2814 171.870 56.614 28.307 4
0.2864 183.452 58.059 29.029 4
0.2915 178.552 45.296 22.648 4
0.2965 179.167 33.131 16.566 4
0.3015 178.613 42.546 21.273 4
0.3065 169.580 43.006 21.503 4
0.3116 162.247 30.243 15.121 4
0.3166 163.669 24.817 12.408 4
0.3216 155.274 29.506 14.753 4
0.3266 164.647 40.225 20.113 4
0.3317 174.706 44.923 22.461 4
0.3367 175.756 36.667 18.334 4
0.3417 172.880 38.080 19.040 4
0.3467 198.066 34.906 17.453 4
0.3518 172.642 32.395 16.198 4
0.3568 179.504 34.088 17.044 4
0.3618 186.368 47.136 23.568 4
0.3668 191.875 50.554 25.277 4
0.3719 198.169 63.714 31.857 4
0.3769 200.829 43.439 21.720 4
0.3819 204.652 22.164 11.082 4
0.3869 204.234 37.636 18.818 4
0.3920 200.273 20.474 10.237 4
0.3970 194.452 33.962 16.981 4
0.4020 187.192 40.756 20.378 4
0.4070 200.471 54.066 27.033 4
0.4121 196.983 41.966 20.983 4
0.4171 217.567 29.316 14.658 4
0.4221 225.427 35.077 17.538 4
0.4271 221.629 26.350 13.175 4
0.4322 207.784 23.963 11.982 4
0.4372 191.244 52.127 26.064 4
0.4422 202.841 42.630 21.315 4
0.4472 213.559 32.250 16.125 4
0.4523 217.830 17.122 8.561 4
0.4573 216.006 41.664 20.832 4
0.4623 223.823 60.907 30.453 4
0.4673 223.172 60.824 30.412 4
0.4724 232.224 54.167 27.084 4
0.4774 223.515 35.433 17.716 4
0.4824 231.035 29.878 14.939 4
0.4874 230.410 21.795 10.897 4
0.4925 202.740 48.165 24.082 4
0.4975 218.331 59.109 29.554 4
0.5025 227.281 52.111 26.056 4
0.5075 234.116 54.910 27.455 4
0.5126 222.161 35.727 17.863 4
0.5176 237.735 38.875 19.437 4
0.5226 243.894 72.882 36.441 4
0.5276 246.038 68.402 34.201 4
0.5327 246.011 57.885 28.942 4
0.5377 260.768 55.135 27.568 4
0.5427 245.816 74.604 37.302 4
0.5477 233.045 63.192 31.596 4
0.5528 225.265 58.197 29.098 4
0.5578 233.322 54.029 27.015 4
0.5628 206.095 31.296 15.648 4
0.5678 211.080 20.467 10.234 4
0.5729 211.871 51.360 25.680 4
0.5779 218.266 40.436 20.218 4
0.5829 224.653 28.971 14.486 4
0.5879 242.666 28.128 14.064 4
0.5930 247.696 34.290 17.145 4
0.5980 237.071 25.611 12.805 4
0.6030 239.670 18.303 9.152 4
0.6080 232.408 47.714 23.857 4
0.6131 231.163 54.418 27.209 4
0.6181 222.364 58.963 29.482 4
0.6231 239.700 62.629 31.314 4
0.6281 237.235 58.001 29.001 4
0.6332 223.469 24.945 12.473 4
0.6382 208.630 28.564 14.282 4
0.6432 197.165 22.666 11.333 4
0.6482 205.319 12.419 6.210 4
0.6533 219.201 14.495 7.248 4
0.6583 222.991 30.596 15.298 4
0.6633 229.264 59.186 29.593 4
0.6683 244.056 57.533 28.767 4
0.6734 241.961 82.736 41.368 4
0.6784 235.601 54.114 27.057 4
0.6834 225.262 29.671 14.835 4
0.6884 235.525 27.457 13.728 4
0.6935 207.308 31.580 15.790 4
0.6985 228.257 22.038 11.019 4
0.7035 221.376 37.055 18.527 4
0.7085 237.913 47.797 23.898 4
0.7136 261.185 74.317 37.159 4
0.7186 264.241 68.872 34.436 4
0.7236 271.322 78.887 39.443 4
0.7286 266.127 60.394 30.197 4
0.7337 268.659 47.010 23.505 4
0.7387 260.343 52.181 26.090 4
0.7437 246.327 20.621 10.310 4
0.7487 254.711 16.758 8.379 4
0.7538 247.860 35.593 17.797 4
0.7588 243.170 16.486 8.243 4
0.7638 243.854 12.607 6.303 4
0.7688 260.628 15.847 7.923 4
0.7739 243.115 27.764 13.882 4
0.7789 247.090 45.140 22.570 4
0.7839 247.575 32.466 16.233 4
0.7889 230.507 24.999 12.500 4
0.7940 227.865 38.159 19.080 4
0.7990 250.844 30.165 15.083 4
0.8040 271.477 43.724 21.862 4
0.8090 281.109 71.754 35.877 4
0.8141 302.838 77.973 38.987 4
0.8191 315.302 82.668 41.334 4
0.8241 293.945 48.134 24.067 4
0.8291 272.778 84.523 42.262 4
0.8342 262.809 68.741 34.370 4
0.8392 276.320 54.451 27.225 4
0.8442 276.266 36.730 18.365 4
0.8492 265.262 46.650 23.325 4
0.8543 276.933 55.502 27.751 4
0.8593 274.667 55.590 27.795 4
0.8643 269.635 62.912 31.456 4
0.8693 278.010 67.140 33.570 4
0.8744 276.321 63.927 31.963 4
0.8794 296.019 44.523 22.261 4
0.8844 301.340 36.918 18.459 4
0.8894 318.388 40.018 20.009 4
0.8945 302.336 50.575 25.287 4
0.8995 301.523 43.771 21.885 4
0.9045 316.148 31.642 15.821 4
0.9095 299.429 22.372 11.186 4
0.9146 293.790 28.317 14.158 4
0.9196 288.191 29.002 14.501 4
0.9246 292.736 30.994 15.497 4
0.9296 285.900 47.607 23.804 4
0.9347 280.418 37.055 18.528 4
0.9397 291.011 40.405 20.202 4
0.9447 267.971 59.637 29.818 4
0.9497 267.056 42.969 21.484 4
0.9548 268.919 41.557 20.778 4
0.9598 284.073 36.977 18.489 4
0.9648 287.709 22.030 11.015 4
0.9698 280.236 16.844 8.422 4
0.9749 290.548 12.052 6.026 4
0.9799 300.272 17.535 8.767 4
0.9849 299.331 37.933 18.966 4
0.9899 310.970 31.710 15.855 4
0.9950 305.977 31.012 15.506 4
1.0000 318.750 47.675 23.838 4
