step mean std sem n
0.0603 918.394 0.000 0.000 1
0.0653 650.000 353.553 250.000 2
0.0704 655.456 390.773 276.318 2
0.0754 645.657 488.833 345.657 2
0.0804 670.440 523.882 370.440 2
0.0854 625.000 530.330 375.000 2
0.0905 724.605 603.305 426.601 2
0.0955 722.954 533.224 377.046 2
0.1005 660.028 497.824 352.014 2
0.1055 676.260 387.126 273.740 2
0.1106 1015.800 355.892 205.474 3
0.1156 1029.952 345.076 199.230 3
0.1206 1001.407 390.571 225.496 3
0.1256 994.770 485.913 280.542 3
0.1307 967.080 486.308 280.770 3
0.1357 909.289 541.374 312.563 3
0.1407 890.933 528.305 305.017 3
0.1457 783.333 650.641 375.648 3
0.1508 716.667 652.559 376.755 3
0.1558 633.252 571.176 329.769 3
0.1608 632.381 446.497 257.785 3
0.1658 552.731 404.993 233.823 3
0.1709 477.751 372.758 215.212 3
0.1759 418.208 308.028 177.840 3
0.1809 416.667 305.505 176.383 3
0.1859 442.621 285.136 164.623 3
0.1910 287.174 200.393 115.697 3
0.1960 362.492 333.293 192.427 3
0.2010 425.332 405.217 233.952 3
0.2060 485.140 520.540 300.534 3
0.2111 564.080 517.880 298.998 3
0.2161 682.761 454.320 262.302 3
0.2211 691.766 444.538 256.654 3
0.2261 772.219 421.033 210.517 4
0.2312 847.275 547.823 273.911 4
0.2362 856.324 558.335 279.167 4
0.2412 913.808 590.228 295.114 4
0.2462 932.588 627.208 313.604 4
0.2513 869.473 557.691 278.845 4
0.2563 783.205 449.088 224.544 4
0.2613 736.732 425.452 212.726 4
0.2663 756.811 512.129 256.064 4
0.2714 722.612 459.464 229.732 4
0.2764 688.189 397.210 198.605 4
0.2814 577.686 359.536 179.768 4
0.2864 582.238 347.660 173.830 4
0.2915 560.212 376.961 188.481 4
0.2965 578.433 424.428 212.214 4
0.3015 646.354 509.237 254.619 4
0.3065 721.308 600.506 300.253 4
0.3116 824.888 766.302 383.151 4
0.3166 942.421 938.615 469.307 4
0.3216 979.615 989.607 494.804 4
0.3266 1027.024 1025.353 512.677 4
0.3317 1089.861 1026.004 513.002 4
0.3367 1094.231 1112.652 556.326 4
0.3417 1166.754 1201.402 600.701 4
0.3467 1271.107 1273.333 636.667 4
0.3518 1318.532 1369.377 684.688 4
0.3568 1403.070 1457.724 728.862 4
0.3618 1380.655 1420.927 710.464 4
0.3668 1360.699 1479.437 739.718 4
0.3719 1407.910 1531.772 765.886 4
0.3769 1542.305 1593.818 796.909 4
0.3819 1641.726 1677.983 838.992 4
0.3869 1640.092 1715.541 857.771 4
0.3920 1707.500 1814.310 907.155 4
0.3970 1807.357 1819.967 909.983 4
0.4020 1775.594 1709.138 854.569 4
0.4070 1725.733 1633.112 816.556 4
0.4121 1760.269 1713.686 856.843 4
0.4171 1831.081 1762.556 881.278 4
0.4221 1881.515 1805.571 902.785 4
0.4271 1850.694 1726.477 863.238 4
0.4322 1859.463 1796.511 898.256 4
0.4372 1745.058 1560.484 780.242 4
0.4422 1853.137 1728.307 864.154 4
0.4472 2055.853 1835.915 917.958 4
0.4523 2106.763 1951.968 975.984 4
0.4573 1969.656 2000.327 1000.163 4
0.4623 2019.476 2084.985 1042.493 4
0.4673 2142.887 2148.428 1074.214 4
0.4724 2226.952 2238.011 1119.005 4
0.4774 2268.496 2322.840 1161.420 4
0.4824 2329.965 2330.953 1165.476 4
0.4874 2196.671 2138.403 1069.201 4
0.4925 2269.110 2230.472 1115.236 4
0.4975 2253.221 2315.756 1157.878 4
0.5025 2254.414 2415.343 1207.672 4
0.5075 2302.286 2405.427 1202.714 4
0.5126 2190.812 2261.227 1130.613 4
0.5176 2080.777 2200.160 1100.080 4
0.5226 1964.093 1915.554 957.777 4
0.5276 2038.641 2058.610 1029.305 4
0.5327 2044.444 2219.424 1109.712 4
0.5377 1932.352 2292.184 1146.092 4
0.5427 1980.710 2430.958 1215.479 4
0.5477 2029.877 2560.969 1280.484 4
0.5528 2078.083 2702.108 1351.054 4
0.5578 2106.439 2480.473 1240.237 4
0.5628 1948.849 2184.651 1092.325 4
0.5678 1819.502 1917.880 958.940 4
0.5729 1992.958 1893.584 946.792 4
0.5779 2159.381 2006.558 1003.279 4
0.5829 2192.274 1953.035 976.517 4
0.5879 2214.499 1808.277 904.139 4
0.5930 2384.815 1969.740 984.870 4
0.5980 2354.167 1911.820 955.910 4
0.6030 2430.585 2012.249 1006.125 4
0.6080 2395.176 2149.251 1074.626 4
0.6131 2351.488 1953.943 976.971 4
0.6181 2463.832 2062.325 1031.163 4
0.6231 2433.238 2037.894 1018.947 4
0.6281 2272.950 2020.746 1010.373 4
0.6332 2249.961 1904.804 952.402 4
0.6382 2307.804 1849.534 924.767 4
0.6432 2306.983 1646.705 823.352 4
0.6482 2315.983 1620.368 810.184 4
0.6533 2268.586 1587.130 793.565 4
0.6583 2239.789 1724.931 862.465 4
0.6633 2161.287 1914.866 957.433 4
0.6683 2213.846 2029.977 1014.988 4
0.6734 2272.997 2050.021 1025.011 4
0.6784 2171.834 1938.819 969.409 4
0.6834 2304.495 2133.722 1066.861 4
0.6884 2306.800 2083.572 1041.786 4
0.6935 2359.127 2238.397 1119.198 4
0.6985 2343.058 2398.897 1199.449 4
0.7035 2248.918 2245.848 1122.924 4
0.7085 2355.817 2216.917 1108.459 4
0.7136 2517.197 2301.045 1150.522 4
0.7186 2539.089 2242.818 1121.409 4
0.7236 2585.955 2253.232 1126.616 4
0.7286 2662.727 2360.330 1180.165 4
0.7337 2659.226 2291.949 1145.975 4
0.7387 2604.026 2234.836 1117.418 4
0.7437 2708.880 2371.382 1185.691 4
0.7487 2909.415 2422.307 1211.154 4
0.7538 2899.501 2362.161 1181.081 4
0.7588 2908.620 2320.231 1160.115 4
0.7638 2807.861 2118.065 1059.032 4
0.7688 2689.194 1993.979 996.990 4
0.7739 2875.781 1920.221 960.111 4
0.7789 2815.150 1818.335 909.167 4
0.7839 2775.925 1844.603 922.302 4
0.7889 2853.982 1919.381 959.690 4
0.7940 2962.768 2039.259 1019.630 4
0.7990 2850.509 1919.952 959.976 4
0.8040 2881.840 2033.180 1016.590 4
0.8090 3020.488 2196.247 1098.123 4
0.8141 2897.584 2094.771 1047.386 4
0.8191 2695.499 2163.602 1081.801 4
0.8241 2815.057 2257.933 1128.966 4
0.8291 2681.265 2273.199 1136.599 4
0.8342 2638.468 2177.626 1088.813 4
0.8392 2739.709 2179.862 1089.931 4
0.8442 2656.653 2112.188 1056.094 4
0.8492 2741.791 2226.234 1113.117 4
0.8543 2777.177 2303.172 1151.586 4
0.8593 2895.711 2381.475 1190.737 4
0.8643 2869.932 2043.266 1021.633 4
0.8693 2785.385 1976.001 988.001 4
0.8744 2841.576 2114.111 1057.056 4
0.8794 2942.843 2214.311 1107.155 4
0.8844 2979.052 2247.482 1123.741 4
0.8894 2970.599 2292.070 1146.035 4
0.8945 2940.587 2437.182 1218.591 4
0.8995 3049.424 2544.994 1272.497 4
0.9045 2895.651 2205.015 1102.507 4
0.9095 2907.459 2152.547 1076.273 4
0.9146 3049.853 2299.945 1149.972 4
0.9196 2974.473 2410.813 1205.407 4
0.9246 2888.621 2420.958 1210.479 4
0.9296 2856.198 2384.692 1192.346 4
0.9347 2828.316 2437.485 1218.743 4
0.9397 2776.409 2410.188 1205.094 4
0.9447 2775.514 2354.623 1177.311 4
0.9497 2678.925 2250.153 1125.076 4
0.9548 2400.621 1989.574 994.787 4
0.9598 2473.188 2108.490 1054.245 4
0.9648 2366.823 1917.812 958.906 4
0.9698 2342.939 1822.829 911.415 4
0.9749 2404.444 1804.284 902.142 4
0.9799 2616.676 1801.819 900.909 4
0.9849 2540.668 1816.138 908.069 4
0.9899 2514.062 1843.516 921.758 4
0.9950 2487.449 1839.437 919.718 4
1.0000 2362.500 1745.649 872.825 4
