step mean std sem n
0.0101 0.335 0.101 0.051 4
0.0151 0.096 0.094 0.047 4
0.0201 0.220 0.051 0.026 4
0.0251 0.282 0.121 0.061 4
0.0302 0.350 0.124 0.062 4
0.0352 0.183 0.191 0.095 4
0.0402 0.243 0.306 0.153 4
0.0452 0.283 0.197 0.099 4
0.0503 0.479 0.214 0.107 4
0.0553 0.609 0.266 0.133 4
0.0603 0.588 0.247 0.124 4
0.0653 0.579 0.255 0.128 4
0.0704 0.614 0.227 0.113 4
0.0754 0.697 0.282 0.141 4
0.0804 0.827 0.239 0.120 4
0.0854 0.816 0.206 0.103 4
0.0905 0.740 0.076 0.038 4
0.0955 0.899 0.270 0.135 4
0.1005 0.905 0.271 0.136 4
0.1055 1.022 0.281 0.140 4
0.1106 0.917 0.209 0.105 4
0.1156 0.873 0.478 0.239 4
0.1206 0.926 0.355 0.178 4
0.1256 0.953 0.166 0.083 4
0.1307 0.841 0.308 0.154 4
0.1357 0.864 0.409 0.204 4
0.1407 0.921 0.456 0.228 4
0.1457 0.984 0.767 0.383 4
0.1508 1.067 0.682 0.341 4
0.1558 1.142 0.772 0.386 4
0.1608 1.342 0.679 0.340 4
0.1658 1.310 0.513 0.257 4
0.1709 1.369 0.281 0.141 4
0.1759 1.552 0.291 0.146 4
0.1809 1.431 0.511 0.256 4
0.1859 1.578 0.356 0.178 4
0.1910 1.454 0.464 0.232 4
0.1960 1.647 0.432 0.216 4
0.2010 1.742 0.946 0.473 4
0.2060 1.774 0.815 0.407 4
0.2111 1.674 0.511 0.256 4
0.2161 1.773 0.490 0.245 4
0.2211 1.761 0.397 0.198 4
0.2261 1.657 0.381 0.190 4
0.2312 1.506 0.614 0.307 4
0.2362 1.489 0.670 0.335 4
0.2412 1.561 0.436 0.218 4
0.2462 1.573 0.560 0.280 4
0.2513 1.608 0.643 0.322 4
0.2563 1.584 0.601 0.301 4
0.2613 1.840 0.406 0.203 4
0.2663 1.840 0.309 0.154 4
0.2714 1.770 0.414 0.207 4
0.2764 1.929 0.340 0.170 4
0.2814 1.882 0.451 0.225 4
0.2864 1.803 0.443 0.222 4
0.2915 1.619 0.482 0.241 4
0.2965 1.553 0.622 0.311 4
0.3015 1.447 0.392 0.196 4
0.3065 1.303 0.521 0.261 4
0.3116 1.282 0.580 0.290 4
0.3166 1.473 0.645 0.323 4
0.3216 1.470 0.409 0.205 4
0.3266 1.452 0.150 0.075 4
0.3317 1.212 0.482 0.241 4
0.3367 1.271 0.563 0.282 4
0.3417 1.372 0.723 0.362 4
0.3467 1.629 0.766 0.383 4
0.3518 1.855 0.850 0.425 4
0.3568 2.045 0.778 0.389 4
0.3618 2.012 0.576 0.288 4
0.3668 1.971 0.463 0.232 4
0.3719 2.006 0.498 0.249 4
0.3769 2.188 0.220 0.110 4
0.3819 2.023 0.357 0.178 4
0.3869 2.169 0.369 0.185 4
0.3920 2.303 0.805 0.403 4
0.3970 2.269 0.907 0.454 4
0.4020 2.380 0.938 0.469 4
0.4070 2.311 0.749 0.374 4
0.4121 2.256 0.627 0.313 4
0.4171 2.235 0.528 0.264 4
0.4221 2.171 0.630 0.315 4
0.4271 2.106 0.677 0.338 4
0.4322 2.222 0.683 0.342 4
0.4372 2.249 0.725 0.363 4
0.4422 2.410 0.549 0.275 4
0.4472 2.411 0.468 0.234 4
0.4523 2.338 0.379 0.190 4
0.4573 2.333 0.744 0.372 4
0.4623 2.299 0.744 0.372 4
0.4673 2.432 0.530 0.265 4
0.4724 2.559 0.669 0.335 4
0.4774 2.544 0.858 0.429 4
0.4824 2.468 0.616 0.308 4
0.4874 2.015 0.495 0.247 4
0.4925 2.068 0.398 0.199 4
0.4975 2.103 0.288 0.144 4
0.5025 2.153 0.207 0.103 4
0.5075 2.053 0.338 0.169 4
0.5126 2.245 0.413 0.206 4
0.5176 2.345 0.379 0.190 4
0.5226 2.380 0.600 0.300 4
0.5276 2.416 0.518 0.259 4
0.5327 2.489 0.482 0.241 4
0.5377 2.619 0.679 0.340 4
0.5427 2.634 0.567 0.284 4
0.5477 2.811 0.387 0.194 4
0.5528 2.583 0.367 0.184 4
0.5578 2.435 0.775 0.387 4
0.5628 2.525 0.812 0.406 4
0.5678 2.653 0.869 0.435 4
0.5729 2.779 0.854 0.427 4
0.5779 2.694 0.694 0.347 4
0.5829 2.312 0.530 0.265 4
0.5879 2.229 0.618 0.309 4
0.5930 1.987 0.618 0.309 4
0.5980 2.032 0.491 0.245 4
0.6030 2.268 0.483 0.241 4
0.6080 2.204 0.309 0.154 4
0.6131 2.150 0.294 0.147 4
0.6181 2.292 0.393 0.196 4
0.6231 2.414 0.533 0.267 4
0.6281 2.417 0.789 0.394 4
0.6332 2.060 0.481 0.240 4
0.6382 2.226 0.570 0.285 4
0.6432 2.367 0.452 0.226 4
0.6482 2.603 0.490 0.245 4
0.6533 2.633 0.597 0.299 4
0.6583 2.549 0.756 0.378 4
0.6633 2.285 0.698 0.349 4
0.6683 2.375 0.844 0.422 4
0.6734 2.467 0.813 0.407 4
0.6784 2.297 0.475 0.237 4
0.6834 2.556 0.532 0.266 4
0.6884 2.747 0.470 0.235 4
0.6935 2.834 0.250 0.125 4
0.6985 2.895 0.164 0.082 4
0.7035 2.764 0.266 0.133 4
0.7085 2.673 0.637 0.319 4
0.7136 2.640 0.728 0.364 4
0.7186 2.528 0.625 0.313 4
0.7236 2.467 0.551 0.275 4
0.7286 2.600 0.407 0.204 4
0.7337 2.758 0.234 0.117 4
0.7387 2.899 0.538 0.269 4
0.7437 3.095 0.233 0.117 4
0.7487 3.369 0.545 0.273 4
0.7538 3.277 0.725 0.363 4
0.7588 3.156 0.419 0.209 4
0.7638 3.141 0.487 0.243 4
0.7688 2.768 0.427 0.213 4
0.7739 2.745 0.498 0.249 4
0.7789 2.698 0.581 0.291 4
0.7839 2.577 0.884 0.442 4
0.7889 2.661 0.861 0.431 4
0.7940 2.921 0.981 0.491 4
0.7990 2.928 1.137 0.568 4
0.8040 2.904 1.287 0.643 4
0.8090 3.055 1.352 0.676 4
0.8141 3.133 1.222 0.611 4
0.8191 3.245 1.131 0.565 4
0.8241 3.214 0.922 0.461 4
0.8291 3.425 1.058 0.529 4
0.8342 3.288 1.094 0.547 4
0.8392 3.260 1.107 0.553 4
0.8442 2.950 1.081 0.541 4
0.8492 2.748 0.679 0.339 4
0.8543 2.737 0.563 0.282 4
0.8593 2.616 0.365 0.182 4
0.8643 2.691 0.375 0.188 4
0.8693 2.883 0.355 0.177 4
0.8744 2.565 0.692 0.346 4
0.8794 2.605 0.655 0.328 4
0.8844 2.410 1.001 0.501 4
0.8894 2.394 1.057 0.529 4
0.8945 2.612 1.277 0.639 4
0.8995 2.699 1.102 0.551 4
0.9045 2.686 0.760 0.380 4
0.9095 3.038 1.155 0.578 4
0.9146 3.341 1.506 0.753 4
0.9196 3.784 2.159 1.080 4
0.9246 3.765 1.815 0.907 4
0.9296 3.814 1.732 0.866 4
0.9347 3.611 1.732 0.866 4
0.9397 3.407 1.064 0.532 4
0.9447 3.305 1.076 0.538 4
0.9497 2.905 0.452 0.226 4
0.9548 2.785 0.462 0.231 4
0.9598 2.994 0.542 0.271 4
0.9648 2.969 0.389 0.194 4
0.9698 2.974 0.398 0.199 4
0.9749 2.919 0.434 0.217 4
0.9799 2.908 0.471 0.235 4
0.9849 2.713 0.444 0.222 4
0.9899 2.631 0.389 0.195 4
0.9950 2.549 0.290 0.145 4
1.0000 2.962 0.602 0.301 4
