step mean std sem n
0.1106 1655.794 0.000 0.000 1
0.1156 1726.904 0.000 0.000 1
0.1206 1788.019 0.000 0.000 1
0.1256 1656.479 189.584 134.056 2
0.1307 1622.922 131.552 93.021 2
0.1357 1710.212 183.807 129.971 2
0.1407 1632.152 249.415 144.000 3
0.1457 1684.996 230.020 132.802 3
0.1508 1733.722 248.901 143.703 3
0.1558 1744.372 320.257 184.900 3
0.1608 1728.273 339.949 196.270 3
0.1658 1918.140 378.457 189.228 4
0.1709 1920.056 401.358 200.679 4
0.1759 1961.200 453.293 226.647 4
0.1809 2005.416 519.911 259.955 4
0.1859 2050.746 572.853 286.427 4
0.1910 2127.236 631.746 315.873 4
0.1960 2133.548 576.896 288.448 4
0.2010 2117.050 548.806 274.403 4
0.2060 2116.044 501.106 250.553 4
0.2111 2118.430 519.739 259.869 4
0.2161 2173.728 561.081 280.541 4
0.2211 2118.459 583.207 291.603 4
0.2261 2094.376 647.026 323.513 4
0.2312 2118.193 655.506 327.753 4
0.2362 2225.150 684.953 342.476 4
0.2412 2157.707 782.352 391.176 4
0.2462 2172.318 768.235 384.118 4
0.2513 2214.516 806.737 403.368 4
0.2563 2284.289 844.804 422.402 4
0.2613 2339.356 862.433 431.216 4
0.2663 2374.862 892.217 446.109 4
0.2714 2422.903 884.534 442.267 4
0.2764 2443.480 908.784 454.392 4
0.2814 2504.804 909.208 454.604 4
0.2864 2608.888 945.688 472.844 4
0.2915 2676.235 998.237 499.119 4
0.2965 2752.706 1031.498 515.749 4
0.3015 2764.920 1047.808 523.904 4
0.3065 2723.218 953.414 476.707 4
0.3116 2777.351 930.597 465.298 4
0.3166 2881.971 954.450 477.225 4
0.3216 2967.657 1001.121 500.560 4
0.3266 3051.027 1049.514 524.757 4
0.3317 3151.089 1047.948 523.974 4
0.3367 3279.226 1030.250 515.125 4
0.3417 3372.246 1043.893 521.946 4
0.3467 3418.363 1050.618 525.309 4
0.3518 3502.538 1052.437 526.218 4
0.3568 3604.468 1093.190 546.595 4
0.3618 3654.852 1074.966 537.483 4
0.3668 3675.530 1097.390 548.695 4
0.3719 3741.333 1078.510 539.255 4
0.3769 3786.047 1047.560 523.780 4
0.3819 3900.364 1099.912 549.956 4
0.3869 4028.678 1103.710 551.855 4
0.3920 4135.586 1071.217 535.609 4
0.3970 4193.505 990.721 495.361 4
0.4020 4313.334 1004.687 502.344 4
0.4070 4321.670 989.131 494.565 4
0.4121 4383.049 1013.970 506.985 4
0.4171 4340.090 883.430 441.715 4
0.4221 4395.403 799.292 399.646 4
0.4271 4458.244 845.102 422.551 4
0.4322 4466.271 906.384 453.192 4
0.4372 4495.908 924.216 462.108 4
0.4422 4540.133 973.928 486.964 4
0.4472 4586.931 1042.555 521.278 4
0.4523 4452.797 914.376 457.188 4
0.4573 4322.529 776.589 388.294 4
0.4623 4305.726 709.871 354.935 4
0.4673 4339.981 681.016 340.508 4
0.4724 4337.533 689.523 344.761 4
0.4774 4380.507 666.966 333.483 4
0.4824 4410.621 603.934 301.967 4
0.4874 4406.415 559.383 279.692 4
0.4925 4299.399 560.438 280.219 4
0.4975 4322.487 538.044 269.022 4
0.5025 4345.971 595.183 297.592 4
0.5075 4239.797 671.046 335.523 4
0.5126 4253.849 729.625 364.812 4
0.5176 4301.495 752.852 376.426 4
0.5226 4354.709 764.336 382.168 4
0.5276 4396.041 786.573 393.286 4
0.5327 4412.064 837.498 418.749 4
0.5377 4374.830 1009.774 504.887 4
0.5427 4376.283 1159.778 579.889 4
0.5477 4458.961 1240.250 620.125 4
0.5528 4449.727 1226.450 613.225 4
0.5578 4462.993 1047.357 523.678 4
0.5628 4504.913 811.259 405.630 4
0.5678 4546.382 698.339 349.169 4
0.5729 4447.994 498.592 249.296 4
0.5779 4451.454 440.031 220.015 4
0.5829 4583.467 584.090 292.045 4
0.5879 4560.824 856.647 428.324 4
0.5930 4586.344 941.724 470.862 4
0.5980 4563.525 969.574 484.787 4
0.6030 4499.049 984.293 492.147 4
0.6080 4452.788 1099.368 549.684 4
0.6131 4516.072 1251.623 625.812 4
0.6181 4541.966 1244.102 622.051 4
0.6231 4514.481 1327.946 663.973 4
0.6281 4555.021 1226.746 613.373 4
0.6332 4532.023 1106.146 553.073 4
0.6382 4505.423 1137.438 568.719 4
0.6432 4423.037 1356.653 678.327 4
0.6482 4331.910 1487.503 743.752 4
0.6533 4471.210 1628.395 814.198 4
0.6583 4636.869 1728.502 864.251 4
0.6633 4744.421 1683.052 841.526 4
0.6683 4750.039 1479.751 739.876 4
0.6734 4599.107 1009.758 504.879 4
0.6784 4497.512 851.905 425.952 4
0.6834 4461.368 842.211 421.106 4
0.6884 4429.974 1035.348 517.674 4
0.6935 4638.830 1069.253 534.626 4
0.6985 4763.510 1047.265 523.632 4
0.7035 4789.272 1018.283 509.141 4
0.7085 4752.454 998.953 499.477 4
0.7136 4713.356 963.366 481.683 4
0.7186 4629.164 925.234 462.617 4
0.7236 4705.578 937.692 468.846 4
0.7286 4764.095 944.957 472.478 4
0.7337 4802.838 959.323 479.662 4
0.7387 4861.137 1029.932 514.966 4
0.7437 4937.309 1052.454 526.227 4
0.7487 4813.486 973.655 486.828 4
0.7538 4826.824 977.723 488.861 4
0.7588 4863.331 933.543 466.771 4
0.7638 4834.195 834.642 417.321 4
0.7688 4765.540 714.020 357.010 4
0.7739 4870.271 693.586 346.793 4
0.7789 4936.798 797.189 398.594 4
0.7839 5024.652 892.687 446.343 4
0.7889 5073.870 723.552 361.776 4
0.7940 5105.915 532.925 266.462 4
0.7990 5080.251 392.027 196.013 4
0.8040 4910.515 596.309 298.155 4
0.8090 4969.116 624.566 312.283 4
0.8141 4895.898 772.563 386.282 4
0.8191 5028.522 782.852 391.426 4
0.8241 5136.389 788.774 394.387 4
0.8291 5105.992 728.705 364.353 4
0.8342 5008.351 700.752 350.376 4
0.8392 4835.712 931.719 465.859 4
0.8442 4878.856 830.821 415.410 4
0.8492 4964.216 777.141 388.570 4
0.8543 4995.975 734.362 367.181 4
0.8593 5029.600 644.095 322.047 4
0.8643 5023.997 600.252 300.126 4
0.8693 4994.312 576.224 288.112 4
0.8744 4982.214 542.566 271.283 4
0.8794 4906.267 446.231 223.115 4
0.8844 4774.812 416.519 208.259 4
0.8894 4676.789 445.332 222.666 4
0.8945 4637.687 599.876 299.938 4
0.8995 4800.342 503.663 251.831 4
0.9045 4984.628 400.315 200.157 4
0.9095 5088.200 395.138 197.569 4
0.9146 5201.362 408.978 204.489 4
0.9196 5205.945 399.201 199.601 4
0.9246 5098.261 318.825 159.413 4
0.9296 5020.096 382.890 191.445 4
0.9347 4978.918 526.341 263.170 4
0.9397 4963.782 541.649 270.825 4
0.9447 4984.092 523.079 261.540 4
0.9497 5006.572 561.492 280.746 4
0.9548 5092.866 709.537 354.768 4
0.9598 5197.486 800.912 400.456 4
0.9648 5069.632 713.854 356.927 4
0.9698 5018.914 857.562 428.781 4
0.9749 4935.228 1059.773 529.887 4
0.9799 4849.512 724.525 362.263 4
0.9849 4904.959 640.443 320.222 4
0.9899 4967.501 603.349 301.674 4
0.9950 5004.530 636.518 318.259 4
1.0000 4803.750 507.336 253.668 4
