step mean std sem n
0.0302 21.500 0.000 0.000 1
0.0352 23.063 0.000 0.000 1
0.0402 28.703 0.000 0.000 1
0.0452 33.980 0.000 0.000 1
0.0503 35.027 4.260 2.460 3
0.0553 38.342 4.853 2.802 3
0.0603 40.700 7.376 4.258 3
0.0653 44.339 9.551 5.514 3
0.0704 47.795 12.236 6.118 4
0.0754 55.115 17.125 8.562 4
0.0804 62.725 24.983 12.491 4
0.0854 66.722 26.339 13.169 4
0.0905 68.786 27.039 13.520 4
0.0955 66.088 19.639 9.819 4
0.1005 66.219 21.039 10.520 4
0.1055 68.582 21.438 10.719 4
0.1106 69.181 23.975 11.987 4
0.1156 68.852 22.718 11.359 4
0.1206 69.898 22.698 11.349 4
0.1256 74.822 24.498 12.249 4
0.1307 73.882 26.239 13.119 4
0.1357 73.704 23.466 11.733 4
0.1407 71.363 24.367 12.183 4
0.1457 70.031 23.650 11.825 4
0.1508 70.892 21.737 10.869 4
0.1558 66.559 6.362 3.181 4
0.1608 66.716 8.038 4.019 4
0.1658 64.823 8.437 4.218 4
0.1709 67.989 7.627 3.814 4
0.1759 68.882 2.448 1.224 4
0.1809 69.668 5.041 2.521 4
0.1859 69.075 4.491 2.246 4
0.1910 73.777 13.845 6.922 4
0.1960 78.704 22.296 11.148 4
0.2010 85.053 31.801 15.901 4
0.2060 85.190 38.557 19.278 4
0.2111 94.580 45.183 22.591 4
0.2161 100.296 50.791 25.396 4
0.2211 102.113 48.190 24.095 4
0.2261 105.876 48.597 24.299 4
0.2312 111.286 51.706 25.853 4
0.2362 109.197 54.789 27.395 4
0.2412 107.220 50.946 25.473 4
0.2462 109.337 48.503 24.251 4
0.2513 108.331 46.838 23.419 4
0.2563 109.406 48.894 24.447 4
0.2613 101.646 53.231 26.616 4
0.2663 102.398 53.897 26.949 4
0.2714 104.969 45.290 22.645 4
0.2764 99.707 40.214 20.107 4
0.2814 94.718 30.137 15.069 4
0.2864 87.373 20.205 10.103 4
0.2915 87.689 19.619 9.810 4
0.2965 98.475 6.839 3.420 4
0.3015 97.636 14.862 7.431 4
0.3065 100.168 17.481 8.741 4
0.3116 113.013 29.288 14.644 4
0.3166 131.036 41.700 20.850 4
0.3216 141.865 35.883 17.941 4
0.3266 151.036 56.583 28.291 4
0.3317 153.550 57.562 28.781 4
0.3367 154.634 54.129 27.064 4
0.3417 161.210 55.894 27.947 4
0.3467 163.806 49.936 24.968 4
0.3518 177.058 43.558 21.779 4
0.3568 188.261 40.286 20.143 4
0.3618 193.632 37.335 18.667 4
0.3668 196.849 40.027 20.014 4
0.3719 195.264 35.251 17.625 4
0.3769 187.867 35.234 17.617 4
0.3819 174.175 33.026 16.513 4
0.3869 179.926 40.742 20.371 4
0.3920 184.868 48.415 24.207 4
0.3970 185.204 55.151 27.575 4
0.4020 181.207 59.611 29.806 4
0.4070 177.157 53.325 26.662 4
0.4121 172.114 70.050 35.025 4
0.4171 171.306 72.238 36.119 4
0.4221 183.588 83.531 41.765 4
0.4271 190.459 98.416 49.208 4
0.4322 189.643 107.140 53.570 4
0.4372 170.994 91.572 45.786 4
0.4422 158.254 74.808 37.404 4
0.4472 162.944 74.093 37.046 4
0.4523 170.128 73.867 36.933 4
0.4573 174.923 73.936 36.968 4
0.4623 167.793 61.165 30.582 4
0.4673 160.176 54.478 27.239 4
0.4724 162.649 53.881 26.940 4
0.4774 157.404 47.825 23.913 4
0.4824 150.559 41.038 20.519 4
0.4874 135.070 35.950 17.975 4
0.4925 131.847 54.641 27.320 4
0.4975 128.965 47.553 23.777 4
0.5025 135.951 46.619 23.309 4
0.5075 142.866 45.250 22.625 4
0.5126 144.575 48.609 24.304 4
0.5176 147.398 58.901 29.451 4
0.5226 142.557 53.028 26.514 4
0.5276 143.326 56.342 28.171 4
0.5327 147.446 60.338 30.169 4
0.5377 145.305 48.322 24.161 4
0.5427 158.505 54.207 27.103 4
0.5477 165.746 61.074 30.537 4
0.5528 167.147 59.547 29.774 4
0.5578 174.628 60.443 30.222 4
0.5628 188.759 67.631 33.815 4
0.5678 200.238 77.146 38.573 4
0.5729 207.923 81.890 40.945 4
0.5779 211.876 81.280 40.640 4
0.5829 224.780 86.257 43.128 4
0.5879 226.670 82.545 41.272 4
0.5930 224.065 67.724 33.862 4
0.5980 216.337 40.820 20.410 4
0.6030 220.597 35.627 17.813 4
0.6080 210.878 47.449 23.724 4
0.6131 195.958 72.366 36.183 4
0.6181 196.703 79.168 39.584 4
0.6231 192.859 73.209 36.605 4
0.6281 198.397 69.677 34.839 4
0.6332 198.427 73.204 36.602 4
0.6382 191.607 72.345 36.173 4
0.6432 196.685 78.498 39.249 4
0.6482 166.289 71.373 35.687 4
0.6533 171.431 52.319 26.160 4
0.6583 177.393 33.749 16.874 4
0.6633 166.302 28.467 14.233 4
0.6683 170.034 37.979 18.989 4
0.6734 178.314 44.698 22.349 4
0.6784 179.664 36.262 18.131 4
0.6834 175.693 14.257 7.128 4
0.6884 179.238 20.096 10.048 4
0.6935 182.265 26.838 13.419 4
0.6985 184.455 29.074 14.537 4
0.7035 190.977 28.560 14.280 4
0.7085 184.794 36.180 18.090 4
0.7136 172.066 47.915 23.958 4
0.7186 174.107 51.655 25.827 4
0.7236 177.361 55.227 27.614 4
0.7286 177.989 57.135 28.568 4
0.7337 173.832 54.225 27.112 4
0.7387 173.009 62.234 31.117 4
0.7437 160.640 39.697 19.848 4
0.7487 171.301 40.720 20.360 4
0.7538 181.641 39.064 19.532 4
0.7588 183.447 40.495 20.248 4
0.7638 186.819 40.063 20.031 4
0.7688 190.245 37.412 18.706 4
0.7739 190.427 24.462 12.231 4
0.7789 191.008 29.063 14.532 4
0.7839 194.551 32.710 16.355 4
0.7889 202.780 38.395 19.197 4
0.7940 209.893 41.087 20.543 4
0.7990 210.719 48.269 24.134 4
0.8040 212.104 53.510 26.755 4
0.8090 205.129 81.381 40.691 4
0.8141 203.419 97.841 48.920 4
0.8191 199.239 102.126 51.063 4
0.8241 209.123 98.880 49.440 4
0.8291 219.482 98.758 49.379 4
0.8342 223.004 84.103 42.051 4
0.8392 228.444 75.235 37.617 4
0.8442 236.481 55.640 27.820 4
0.8492 241.501 35.010 17.505 4
0.8543 242.099 22.856 11.428 4
0.8593 245.379 9.029 4.514 4
0.8643 241.744 14.256 7.128 4
0.8693 247.652 25.725 12.863 4
0.8744 252.756 29.138 14.569 4
0.8794 258.672 54.759 27.379 4
0.8844 256.095 58.509 29.254 4
0.8894 253.129 59.348 29.674 4
0.8945 254.857 55.203 27.601 4
0.8995 258.632 61.531 30.765 4
0.9045 260.231 75.851 37.925 4
0.9095 254.987 77.380 38.690 4
0.9146 242.658 85.517 42.759 4
0.9196 219.382 117.403 58.701 4
0.9246 213.710 124.284 62.142 4
0.9296 224.941 119.307 59.653 4
0.9347 237.336 119.701 59.851 4
0.9397 242.898 122.434 61.217 4
0.9447 245.651 110.847 55.423 4
0.9497 252.650 112.584 56.292 4
0.9548 254.176 108.199 54.100 4
0.9598 245.374 100.884 50.442 4
0.9648 229.878 95.247 47.624 4
0.9698 228.620 76.497 38.249 4
0.9749 233.886 80.802 40.401 4
0.9799 225.487 74.249 37.125 4
0.9849 213.329 92.478 46.239 4
0.9899 210.616 95.368 47.684 4
0.9950 205.060 104.912 52.456 4
1.0000 185.938 104.413 52.207 4
