step mean std sem n
0.0201 16.110 0.000 0.000 1
0.0251 18.391 5.705 2.852 4
0.0302 19.138 7.969 3.984 4
0.0352 21.635 10.521 5.260 4
0.0402 25.425 10.668 5.334 4
0.0452 29.314 11.142 5.571 4
0.0503 31.712 12.945 6.472 4
0.0553 32.185 12.155 6.078 4
0.0603 34.124 9.758 4.879 4
0.0653 33.021 8.016 4.008 4
0.0704 34.487 5.540 2.770 4
0.0754 37.438 6.734 3.367 4
0.0804 40.004 4.192 2.096 4
0.0854 41.627 5.634 2.817 4
0.0905 46.460 6.803 3.402 4
0.0955 47.108 5.499 2.749 4
0.1005 57.100 16.910 8.455 4
0.1055 69.359 33.900 16.950 4
0.1106 70.007 33.868 16.934 4
0.1156 71.623 33.229 16.615 4
0.1206 72.971 33.043 16.521 4
0.1256 73.799 32.355 16.177 4
0.1307 73.845 31.012 15.506 4
0.1357 57.658 6.979 3.490 4
0.1407 58.806 4.961 2.480 4
0.1457 59.869 4.747 2.374 4
0.1508 61.619 5.534 2.767 4
0.1558 61.149 4.126 2.063 4
0.1608 61.314 4.931 2.466 4
0.1658 62.345 3.196 1.598 4
0.1709 61.467 3.089 1.544 4
0.1759 61.028 3.192 1.596 4
0.1809 61.324 2.638 1.319 4
0.1859 61.375 1.702 0.851 4
0.1910 61.240 1.460 0.730 4
0.1960 66.986 8.680 4.340 4
0.2010 70.380 14.463 7.231 4
0.2060 68.458 15.379 7.690 4
0.2111 67.690 14.578 7.289 4
0.2161 67.500 15.039 7.519 4
0.2211 67.543 14.307 7.154 4
0.2261 69.192 9.964 4.982 4
0.2312 66.732 19.086 9.543 4
0.2362 72.517 27.435 13.718 4
0.2412 72.869 28.587 14.293 4
0.2462 72.129 29.785 14.892 4
0.2513 71.565 28.249 14.124 4
0.2563 72.471 27.699 13.849 4
0.2613 66.417 15.568 7.784 4
0.2663 59.226 3.867 1.933 4
0.2714 60.955 5.122 2.561 4
0.2764 59.820 6.321 3.160 4
0.2814 59.462 7.123 3.561 4
0.2864 68.425 12.042 6.021 4
0.2915 69.561 16.478 8.239 4
0.2965 78.836 35.430 17.715 4
0.3015 79.994 36.078 18.039 4
0.3065 79.246 37.934 18.967 4
0.3116 80.903 38.205 19.103 4
0.3166 81.252 38.323 19.161 4
0.3216 81.764 38.928 19.464 4
0.3266 72.695 17.777 8.888 4
0.3317 61.721 2.364 1.182 4
0.3367 61.266 2.981 1.490 4
0.3417 61.491 2.596 1.298 4
0.3467 70.961 17.276 8.638 4
0.3518 86.168 47.465 23.733 4
0.3568 88.498 51.527 25.763 4
0.3618 88.035 50.733 25.366 4
0.3668 87.474 49.728 24.864 4
0.3719 86.364 49.132 24.566 4
0.3769 79.766 35.921 17.961 4
0.3819 58.430 5.064 2.532 4
0.3869 58.305 4.924 2.462 4
0.3920 58.621 5.348 2.674 4
0.3970 81.203 29.930 14.965 4
0.4020 85.775 30.825 15.412 4
0.4070 93.204 32.840 16.420 4
0.4121 94.776 37.763 18.881 4
0.4171 103.603 49.426 24.713 4
0.4221 104.715 53.567 26.783 4
0.4271 106.560 63.755 31.877 4
0.4322 108.609 64.886 32.443 4
0.4372 121.903 73.653 36.826 4
0.4422 134.031 92.873 46.436 4
0.4472 150.096 107.286 53.643 4
0.4523 167.861 126.829 63.415 4
0.4573 193.947 157.467 78.734 4
0.4623 196.146 158.561 79.281 4
0.4673 201.116 161.763 80.881 4
0.4724 213.017 177.551 88.776 4
0.4774 199.091 164.421 82.210 4
0.4824 216.385 183.810 91.905 4
0.4874 198.341 163.451 81.725 4
0.4925 203.886 164.164 82.082 4
0.4975 174.069 138.090 69.045 4
0.5025 205.863 179.422 89.711 4
0.5075 202.438 176.501 88.251 4
0.5126 186.867 159.544 79.772 4
0.5176 203.889 185.507 92.753 4
0.5226 232.415 221.464 110.732 4
0.5276 225.904 211.089 105.544 4
0.5327 229.386 242.371 121.186 4
0.5377 233.875 239.996 119.998 4
0.5427 247.983 256.235 128.118 4
0.5477 228.707 232.224 116.112 4
0.5528 220.581 205.633 102.817 4
0.5578 225.358 208.983 104.492 4
0.5628 227.456 201.127 100.563 4
0.5678 208.257 169.426 84.713 4
0.5729 210.181 174.270 87.135 4
0.5779 221.049 184.280 92.140 4
0.5829 232.330 196.936 98.468 4
0.5879 229.234 214.213 107.107 4
0.5930 234.453 211.704 105.852 4
0.5980 252.579 231.383 115.691 4
0.6030 234.917 205.287 102.644 4
0.6080 261.232 237.126 118.563 4
0.6131 272.395 246.499 123.249 4
0.6181 289.685 264.330 132.165 4
0.6231 259.637 229.963 114.981 4
0.6281 279.662 253.085 126.543 4
0.6332 284.241 262.529 131.264 4
0.6382 286.759 264.653 132.327 4
0.6432 302.013 276.594 138.297 4
0.6482 314.010 294.120 147.060 4
0.6533 304.509 282.018 141.009 4
0.6583 259.420 239.778 119.889 4
0.6633 214.437 187.229 93.614 4
0.6683 201.881 169.663 84.831 4
0.6734 177.249 134.690 67.345 4
0.6784 181.231 141.539 70.769 4
0.6834 144.513 99.418 49.709 4
0.6884 153.070 109.139 54.570 4
0.6935 169.993 129.043 64.522 4
0.6985 182.198 142.869 71.435 4
0.7035 193.889 153.247 76.624 4
0.7085 210.732 171.631 85.815 4
0.7136 229.451 193.463 96.731 4
0.7186 212.085 178.674 89.337 4
0.7236 210.344 173.590 86.795 4
0.7286 209.419 172.172 86.086 4
0.7337 206.097 168.322 84.161 4
0.7387 209.192 172.695 86.347 4
0.7437 219.802 181.058 90.529 4
0.7487 239.370 205.678 102.839 4
0.7538 241.953 209.998 104.999 4
0.7588 256.401 226.517 113.259 4
0.7638 280.753 254.263 127.131 4
0.7688 285.478 258.081 129.041 4
0.7739 257.695 225.999 112.999 4
0.7789 259.371 226.901 113.451 4
0.7839 247.710 211.858 105.929 4
0.7889 257.731 224.006 112.003 4
0.7940 230.769 193.629 96.814 4
0.7990 228.142 191.695 95.847 4
0.8040 206.186 165.027 82.514 4
0.8090 212.221 173.137 86.568 4
0.8141 220.679 186.011 93.005 4
0.8191 216.081 179.535 89.768 4
0.8241 218.319 185.303 92.651 4
0.8291 241.180 199.506 99.753 4
0.8342 246.501 190.036 95.018 4
0.8392 250.080 194.398 97.199 4
0.8442 272.797 222.124 111.062 4
0.8492 284.137 234.161 117.081 4
0.8543 277.596 225.678 112.839 4
0.8593 270.962 222.199 111.099 4
0.8643 261.538 222.387 111.193 4
0.8693 251.958 195.512 97.756 4
0.8744 249.701 194.765 97.383 4
0.8794 232.196 200.257 100.129 4
0.8844 218.693 193.085 96.542 4
0.8894 224.501 187.795 93.897 4
0.8945 255.404 178.321 89.161 4
0.8995 271.177 196.486 98.243 4
0.9045 288.986 211.420 105.710 4
0.9095 274.238 186.306 93.153 4
0.9146 283.370 192.109 96.054 4
0.9196 301.260 192.809 96.404 4
0.9246 313.827 214.445 107.222 4
0.9296 338.927 221.839 110.919 4
0.9347 332.910 241.854 120.927 4
0.9397 340.768 248.985 124.492 4
0.9447 350.877 262.759 131.379 4
0.9497 364.275 294.073 147.037 4
0.9548 372.250 289.635 144.817 4
0.9598 365.405 273.536 136.768 4
0.9648 355.443 273.446 136.723 4
0.9698 359.371 268.860 134.430 4
0.9749 358.593 293.688 146.844 4
0.9799 365.679 280.676 140.338 4
0.9849 364.265 272.818 136.409 4
0.9899 359.228 265.891 132.945 4
0.9950 368.328 277.294 138.647 4
1.0000 373.000 279.082 139.541 4
