step mean std sem n
0.0251 0.000 0.000 0.000 1
0.0302 5.000 7.071 5.000 2
0.0352 3.333 5.774 3.333 3
0.0402 8.364 5.809 2.905 4
0.0452 12.500 9.574 4.787 4
0.0503 17.500 20.616 10.308 4
0.0553 20.000 23.094 11.547 4
0.0603 22.500 26.300 13.150 4
0.0653 25.000 28.868 14.434 4
0.0704 30.406 24.947 12.473 4
0.0754 35.839 30.948 15.474 4
0.0804 34.618 25.983 12.991 4
0.0854 32.500 25.000 12.500 4
0.0905 31.047 22.954 11.477 4
0.0955 34.834 25.972 12.986 4
0.1005 36.250 25.617 12.809 4
0.1055 39.044 28.432 14.216 4
0.1106 39.454 32.678 16.339 4
0.1156 48.766 38.189 19.095 4
0.1206 53.966 42.518 21.259 4
0.1256 68.307 54.838 27.419 4
0.1307 72.500 59.090 29.545 4
0.1357 80.898 69.029 34.514 4
0.1407 89.022 78.008 39.004 4
0.1457 86.772 75.075 37.538 4
0.1508 78.235 74.627 37.314 4
0.1558 81.879 70.335 35.168 4
0.1608 85.119 68.499 34.250 4
0.1658 83.037 53.174 26.587 4
0.1709 81.580 45.859 22.929 4
0.1759 80.165 37.857 18.928 4
0.1809 85.172 41.902 20.951 4
0.1859 91.741 47.586 23.793 4
0.1910 96.747 48.286 24.143 4
0.1960 100.676 51.470 25.735 4
0.2010 109.723 65.172 32.586 4
0.2060 120.738 73.412 36.706 4
0.2111 127.524 75.157 37.579 4
0.2161 142.109 65.694 32.847 4
0.2211 154.313 54.569 27.284 4
0.2261 156.365 50.195 25.097 4
0.2312 160.000 49.666 24.833 4
0.2362 168.053 43.291 21.645 4
0.2412 168.901 37.657 18.829 4
0.2462 168.031 38.446 19.223 4
0.2513 170.000 40.825 20.412 4
0.2563 165.150 47.937 23.969 4
0.2613 163.036 55.881 27.941 4
0.2663 163.475 56.977 28.488 4
0.2714 163.734 62.087 31.043 4
0.2764 163.853 64.813 32.406 4
0.2814 167.500 61.305 30.653 4
0.2864 162.033 62.726 31.363 4
0.2915 165.625 54.405 27.202 4
0.2965 166.250 55.584 27.792 4
0.3015 167.949 66.047 33.023 4
0.3065 171.168 55.797 27.899 4
0.3116 176.250 44.977 22.488 4
0.3166 174.145 42.698 21.349 4
0.3216 183.528 35.184 17.592 4
0.3266 189.991 30.234 15.117 4
0.3317 196.259 20.765 10.382 4
0.3367 199.952 8.166 4.083 4
0.3417 203.535 7.270 3.635 4
0.3467 203.750 7.500 3.750 4
0.3518 208.150 9.789 4.894 4
0.3568 212.755 14.723 7.362 4
0.3618 211.029 10.494 5.247 4
0.3668 214.862 17.481 8.741 4
0.3719 213.750 25.617 12.809 4
0.3769 210.067 25.618 12.809 4
0.3819 212.813 34.618 17.309 4
0.3869 218.750 42.106 21.053 4
0.3920 218.740 48.722 24.361 4
0.3970 214.260 45.582 22.791 4
0.4020 215.566 47.222 23.611 4
0.4070 213.062 44.366 22.183 4
0.4121 215.513 46.338 23.169 4
0.4171 216.163 48.269 24.134 4
0.4221 219.329 49.858 24.929 4
0.4271 217.320 41.117 20.558 4
0.4322 219.395 37.436 18.718 4
0.4372 215.874 36.534 18.267 4
0.4422 221.250 40.492 20.246 4
0.4472 222.338 40.326 20.163 4
0.4523 224.801 39.150 19.575 4
0.4573 221.909 29.598 14.799 4
0.4623 219.171 24.096 12.048 4
0.4673 219.140 24.084 12.042 4
0.4724 216.545 23.571 11.786 4
0.4774 219.475 27.197 13.599 4
0.4824 221.524 37.790 18.895 4
0.4874 218.904 34.510 17.255 4
0.4925 220.553 36.351 18.176 4
0.4975 224.054 40.190 20.095 4
0.5025 224.333 47.324 23.662 4
0.5075 227.160 50.202 25.101 4
0.5126 229.689 44.371 22.186 4
0.5176 224.918 35.486 17.743 4
0.5226 225.088 38.507 19.254 4
0.5276 229.422 38.779 19.390 4
0.5327 232.035 38.627 19.313 4
0.5377 228.034 36.480 18.240 4
0.5427 223.792 26.691 13.346 4
0.5477 221.250 33.260 16.630 4
0.5528 219.098 34.804 17.402 4
0.5578 221.760 32.432 16.216 4
0.5628 222.465 26.304 13.152 4
0.5678 215.672 30.392 15.196 4
0.5729 214.920 29.895 14.948 4
0.5779 212.518 26.279 13.139 4
0.5829 213.741 21.343 10.671 4
0.5879 215.000 23.805 11.902 4
0.5930 217.747 31.993 15.996 4
0.5980 217.414 35.058 17.529 4
0.6030 219.164 34.036 17.018 4
0.6080 224.320 43.921 21.961 4
0.6131 230.620 40.566 20.283 4
0.6181 229.199 44.568 22.284 4
0.6231 230.299 49.669 24.835 4
0.6281 230.656 47.708 23.854 4
0.6332 228.952 39.840 19.920 4
0.6382 229.599 41.641 20.820 4
0.6432 231.758 41.664 20.832 4
0.6482 231.251 36.143 18.072 4
0.6533 232.008 33.214 16.607 4
0.6583 243.131 45.164 22.582 4
0.6633 243.833 47.198 23.599 4
0.6683 241.940 49.817 24.908 4
0.6734 237.964 49.832 24.916 4
0.6784 239.048 49.394 24.697 4
0.6834 238.165 51.941 25.971 4
0.6884 246.568 60.404 30.202 4
0.6935 244.526 47.521 23.761 4
0.6985 244.174 36.556 18.278 4
0.7035 252.370 39.761 19.881 4
0.7085 256.059 42.471 21.235 4
0.7136 267.423 56.731 28.365 4
0.7186 272.817 57.930 28.965 4
0.7236 271.093 57.704 28.852 4
0.7286 263.948 56.281 28.141 4
0.7337 259.208 60.280 30.140 4
0.7387 252.363 57.350 28.675 4
0.7437 240.301 43.763 21.881 4
0.7487 239.514 43.216 21.608 4
0.7538 222.500 26.300 13.150 4
0.7588 212.429 23.769 11.885 4
0.7638 211.961 23.922 11.961 4
0.7688 214.471 22.362 11.181 4
0.7739 218.230 20.592 10.296 4
0.7789 231.117 28.497 14.248 4
0.7839 233.676 38.235 19.118 4
0.7889 232.110 39.909 19.954 4
0.7940 241.634 36.696 18.348 4
0.7990 246.551 39.504 19.752 4
0.8040 246.250 35.911 17.955 4
0.8090 242.612 34.196 17.098 4
0.8141 246.640 45.276 22.638 4
0.8191 247.103 38.321 19.160 4
0.8241 248.116 38.481 19.240 4
0.8291 251.264 44.308 22.154 4
0.8342 250.043 46.953 23.476 4
0.8392 255.605 53.566 26.783 4
0.8442 251.950 50.852 25.426 4
0.8492 258.374 51.998 25.999 4
0.8543 255.766 54.816 27.408 4
0.8593 257.578 54.618 27.309 4
0.8643 259.949 60.546 30.273 4
0.8693 259.675 56.187 28.093 4
0.8744 260.603 58.112 29.056 4
0.8794 262.624 69.814 34.907 4
0.8844 263.523 71.039 35.519 4
0.8894 274.381 82.582 41.291 4
0.8945 278.725 86.959 43.479 4
0.8995 277.478 71.559 35.779 4
0.9045 283.467 93.531 46.766 4
0.9095 298.302 123.822 61.911 4
0.9146 302.987 116.551 58.276 4
0.9196 306.340 108.101 54.051 4
0.9246 308.410 104.701 52.350 4
0.9296 303.259 101.563 50.782 4
0.9347 304.096 113.768 56.884 4
0.9397 319.036 133.347 66.674 4
0.9447 331.492 157.113 78.557 4
0.9497 343.873 184.635 92.318 4
0.9548 346.377 191.671 95.835 4
0.9598 358.565 225.365 112.682 4
0.9648 355.354 235.604 117.802 4
0.9698 347.496 213.116 106.558 4
0.9749 344.499 199.553 99.777 4
0.9799 357.992 223.528 111.764 4
0.9849 363.927 230.868 115.434 4
0.9899 364.670 246.604 123.302 4
0.9950 381.148 272.679 136.339 4
1.0000 378.750 267.718 133.859 4
