step mean std sem n
0.0302 30.000 0.000 0.000 1
0.0352 16.667 15.275 8.819 3
0.0402 20.000 14.142 7.071 4
0.0452 22.530 20.668 10.334 4
0.0503 27.816 30.461 15.231 4
0.0553 26.563 46.697 23.349 4
0.0603 31.758 51.061 25.530 4
0.0653 34.854 50.375 25.188 4
0.0704 32.416 45.570 22.785 4
0.0754 28.863 38.599 19.300 4
0.0804 30.000 34.641 17.321 4
0.0854 28.495 39.601 19.801 4
0.0905 33.373 44.293 22.147 4
0.0955 43.102 57.886 28.943 4
0.1005 50.000 70.711 35.355 4
0.1055 57.653 76.644 38.322 4
0.1106 63.559 85.752 42.876 4
0.1156 72.760 88.152 44.076 4
0.1206 75.168 89.153 44.576 4
0.1256 79.613 94.002 47.001 4
0.1307 77.520 93.235 46.618 4
0.1357 82.500 95.350 47.675 4
0.1407 89.494 91.726 45.863 4
0.1457 87.500 94.296 47.148 4
0.1508 89.086 95.297 47.648 4
0.1558 89.296 95.437 47.718 4
0.1608 85.640 96.126 48.063 4
0.1658 83.579 100.165 50.082 4
0.1709 84.012 100.461 50.230 4
0.1759 91.315 94.465 47.233 4
0.1809 92.500 93.586 46.793 4
0.1859 95.939 94.346 47.173 4
0.1910 97.489 93.221 46.611 4
0.1960 100.682 95.800 47.900 4
0.2010 102.206 99.558 49.779 4
0.2060 98.078 102.739 51.370 4
0.2111 100.000 99.666 49.833 4
0.2161 90.531 94.619 47.309 4
0.2211 87.500 92.150 46.075 4
0.2261 87.500 92.150 46.075 4
0.2312 87.500 92.150 46.075 4
0.2362 87.500 92.150 46.075 4
0.2412 85.000 99.499 49.749 4
0.2462 85.330 99.124 49.562 4
0.2513 95.000 104.722 52.361 4
0.2563 97.060 101.899 50.949 4
0.2613 100.000 104.243 52.122 4
0.2663 97.500 101.448 50.724 4
0.2714 97.500 101.448 50.724 4
0.2764 95.000 98.489 49.244 4
0.2814 97.500 101.448 50.724 4
0.2864 96.822 105.317 52.659 4
0.2915 98.022 99.255 49.627 4
0.2965 93.750 97.243 48.622 4
0.3015 96.250 100.447 50.223 4
0.3065 98.750 102.987 51.493 4
0.3116 98.750 102.987 51.493 4
0.3166 101.250 100.530 50.265 4
0.3216 98.750 102.987 51.493 4
0.3266 102.500 112.657 56.329 4
0.3317 102.500 112.657 56.329 4
0.3367 102.500 107.199 53.600 4
0.3417 102.500 107.199 53.600 4
0.3467 102.500 107.199 53.600 4
0.3518 97.500 107.199 53.600 4
0.3568 97.500 107.199 53.600 4
0.3618 97.500 102.103 51.051 4
0.3668 98.153 102.981 51.490 4
0.3719 100.084 103.384 51.692 4
0.3769 102.500 101.448 50.724 4
0.3819 102.500 95.699 47.850 4
0.3869 105.000 98.489 49.244 4
0.3920 105.000 98.489 49.244 4
0.3970 107.104 101.577 50.789 4
0.4020 111.256 96.891 48.445 4
0.4070 119.349 88.162 44.081 4
0.4121 118.504 92.140 46.070 4
0.4171 125.464 89.577 44.789 4
0.4221 128.920 86.041 43.020 4
0.4271 127.189 88.265 44.132 4
0.4322 131.270 88.640 44.320 4
0.4372 130.106 93.112 46.556 4
0.4422 137.500 91.788 45.894 4
0.4472 138.190 91.522 45.761 4
0.4523 137.501 86.556 43.278 4
0.4573 142.500 88.254 44.127 4
0.4623 149.637 103.880 51.940 4
0.4673 154.683 115.738 57.869 4
0.4724 159.748 123.397 61.698 4
0.4774 175.901 109.423 54.712 4
0.4824 193.767 109.927 54.963 4
0.4874 201.743 111.522 55.761 4
0.4925 220.000 109.848 54.924 4
0.4975 234.553 107.254 53.627 4
0.5025 240.401 104.866 52.433 4
0.5075 237.500 106.888 53.444 4
0.5126 237.737 100.770 50.385 4
0.5176 242.706 106.839 53.419 4
0.5226 231.902 90.177 45.088 4
0.5276 229.668 90.017 45.009 4
0.5327 232.273 98.529 49.264 4
0.5377 239.965 102.408 51.204 4
0.5427 227.573 95.262 47.631 4
0.5477 230.346 98.929 49.465 4
0.5528 227.860 109.608 54.804 4
0.5578 230.207 106.938 53.469 4
0.5628 239.949 125.509 62.754 4
0.5678 232.829 107.179 53.590 4
0.5729 239.164 121.498 60.749 4
0.5779 245.689 125.255 62.627 4
0.5829 230.196 103.038 51.519 4
0.5879 231.003 95.526 47.763 4
0.5930 233.749 108.194 54.097 4
0.5980 228.991 103.267 51.633 4
0.6030 227.629 95.876 47.938 4
0.6080 235.936 103.772 51.886 4
0.6131 224.595 83.060 41.530 4
0.6181 231.060 86.517 43.259 4
0.6231 232.465 94.317 47.159 4
0.6281 244.287 100.080 50.040 4
0.6332 253.169 115.597 57.798 4
0.6382 258.999 128.873 64.437 4
0.6432 262.922 141.948 70.974 4
0.6482 260.769 139.513 69.756 4
0.6533 270.155 141.083 70.542 4
0.6583 275.428 152.033 76.016 4
0.6633 275.287 153.412 76.706 4
0.6683 280.755 157.567 78.783 4
0.6734 287.753 168.513 84.257 4
0.6784 293.221 176.771 88.386 4
0.6834 288.949 161.351 80.676 4
0.6884 292.160 167.814 83.907 4
0.6935 290.038 168.654 84.327 4
0.6985 293.015 181.668 90.834 4
0.7035 292.891 169.319 84.659 4
0.7085 287.811 159.652 79.826 4
0.7136 283.374 142.497 71.249 4
0.7186 276.325 120.656 60.328 4
0.7236 275.757 112.436 56.218 4
0.7286 265.303 105.230 52.615 4
0.7337 268.819 103.892 51.946 4
0.7387 273.622 114.476 57.238 4
0.7437 258.853 101.474 50.737 4
0.7487 265.005 109.553 54.776 4
0.7538 250.989 99.753 49.877 4
0.7588 257.393 110.439 55.220 4
0.7638 266.448 122.636 61.318 4
0.7688 272.819 141.379 70.690 4
0.7739 274.429 158.713 79.357 4
0.7789 274.644 179.645 89.822 4
0.7839 277.026 179.133 89.566 4
0.7889 276.431 178.322 89.161 4
0.7940 275.122 170.865 85.433 4
0.7990 276.218 168.503 84.252 4
0.8040 280.025 172.176 86.088 4
0.8090 277.255 166.098 83.049 4
0.8141 290.467 169.282 84.641 4
0.8191 296.039 182.676 91.338 4
0.8241 299.800 178.911 89.455 4
0.8291 305.709 195.467 97.734 4
0.8342 307.909 196.883 98.442 4
0.8392 302.094 179.437 89.718 4
0.8442 306.665 191.232 95.616 4
0.8492 312.280 197.919 98.959 4
0.8543 321.326 221.992 110.996 4
0.8593 325.280 225.987 112.993 4
0.8643 319.190 218.771 109.386 4
0.8693 319.454 210.910 105.455 4
0.8744 314.293 199.886 99.943 4
0.8794 309.721 193.689 96.845 4
0.8844 296.860 171.062 85.531 4
0.8894 277.370 131.448 65.724 4
0.8945 276.520 127.282 63.641 4
0.8995 272.884 127.511 63.756 4
0.9045 265.094 124.319 62.159 4
0.9095 252.751 118.596 59.298 4
0.9146 247.143 119.359 59.679 4
0.9196 256.111 122.702 61.351 4
0.9246 267.885 123.510 61.755 4
0.9296 276.058 129.835 64.918 4
0.9347 272.338 117.052 58.526 4
0.9397 280.324 111.249 55.625 4
0.9447 296.238 127.672 63.836 4
0.9497 309.704 132.193 66.096 4
0.9548 318.280 130.047 65.023 4
0.9598 309.115 112.632 56.316 4
0.9648 305.157 113.592 56.796 4
0.9698 307.920 114.318 57.159 4
0.9749 303.713 96.129 48.065 4
0.9799 295.493 70.786 35.393 4
0.9849 299.731 77.525 38.763 4
0.9899 299.915 76.983 38.491 4
0.9950 278.750 49.054 24.527 4
1.0000 261.250 45.894 22.947 4
