step mean std sem n
0.0352 121.608 2.934 1.694 3
0.0402 135.633 5.548 3.203 3
0.0452 138.020 12.462 6.231 4
0.0503 151.261 16.454 8.227 4
0.0553 157.598 13.030 6.515 4
0.0603 153.636 27.479 13.739 4
0.0653 156.723 33.991 16.995 4
0.0704 149.748 39.137 19.569 4
0.0754 149.648 45.866 22.933 4
0.0804 132.851 39.677 19.838 4
0.0854 138.048 39.771 19.885 4
0.0905 150.997 55.905 27.952 4
0.0955 158.361 53.682 26.841 4
0.1005 155.523 43.459 21.729 4
0.1055 158.586 43.984 21.992 4
0.1106 166.462 49.974 24.987 4
0.1156 173.184 39.719 19.860 4
0.1206 179.804 40.785 20.392 4
0.1256 186.068 44.182 22.091 4
0.1307 188.601 20.133 10.066 4
0.1357 200.930 26.850 13.425 4
0.1407 207.155 16.041 8.021 4
0.1457 208.311 12.361 6.181 4
0.1508 232.478 11.070 5.535 4
0.1558 242.937 10.305 5.152 4
0.1608 234.658 27.573 13.787 4
0.1658 233.990 32.891 16.446 4
0.1709 223.628 23.668 11.834 4
0.1759 228.241 34.208 17.104 4
0.1809 232.196 34.319 17.160 4
0.1859 240.021 39.520 19.760 4
0.1910 236.338 48.955 24.478 4
0.1960 241.335 57.512 28.756 4
0.2010 243.669 65.611 32.806 4
0.2060 271.319 95.615 47.807 4
0.2111 258.336 106.395 53.198 4
0.2161 250.689 107.180 53.590 4
0.2211 253.480 87.658 43.829 4
0.2261 260.837 79.687 39.844 4
0.2312 284.109 98.005 49.002 4
0.2362 283.408 88.898 44.449 4
0.2412 305.013 104.800 52.400 4
0.2462 307.689 116.707 58.354 4
0.2513 321.583 126.347 63.173 4
0.2563 301.822 100.570 50.285 4
0.2613 318.691 106.766 53.383 4
0.2663 316.353 108.569 54.284 4
0.2714 311.049 155.023 77.512 4
0.2764 325.792 167.805 83.902 4
0.2814 321.522 160.000 80.000 4
0.2864 310.645 134.614 67.307 4
0.2915 274.709 78.957 39.478 4
0.2965 281.332 95.560 47.780 4
0.3015 291.424 89.608 44.804 4
0.3065 273.429 81.199 40.600 4
0.3116 264.506 77.939 38.970 4
0.3166 258.214 61.921 30.961 4
0.3216 241.797 60.320 30.160 4
0.3266 252.778 31.729 15.865 4
0.3317 275.229 31.397 15.699 4
0.3367 285.117 30.890 15.445 4
0.3417 284.834 50.417 25.208 4
0.3467 307.447 62.775 31.387 4
0.3518 327.918 64.355 32.177 4
0.3568 337.160 83.062 41.531 4
0.3618 340.960 78.558 39.279 4
0.3668 339.896 68.538 34.269 4
0.3719 345.370 65.852 32.926 4
0.3769 310.228 81.081 40.540 4
0.3819 322.556 68.678 34.339 4
0.3869 311.105 62.536 31.268 4
0.3920 312.306 92.028 46.014 4
0.3970 290.229 72.854 36.427 4
0.4020 276.617 56.360 28.180 4
0.4070 281.779 56.883 28.442 4
0.4121 288.514 64.111 32.056 4
0.4171 298.466 55.180 27.590 4
0.4221 291.571 56.431 28.216 4
0.4271 298.436 70.981 35.490 4
0.4322 286.794 77.763 38.881 4
0.4372 279.289 67.242 33.621 4
0.4422 269.351 64.781 32.390 4
0.4472 272.386 82.980 41.490 4
0.4523 277.020 99.659 49.829 4
0.4573 268.387 116.952 58.476 4
0.4623 272.379 121.301 60.651 4
0.4673 278.891 102.211 51.106 4
0.4724 271.593 90.396 45.198 4
0.4774 288.540 82.462 41.231 4
0.4824 302.240 82.109 41.055 4
0.4874 300.352 93.174 46.587 4
0.4925 298.287 67.938 33.969 4
0.4975 314.101 73.007 36.503 4
0.5025 329.584 77.249 38.624 4
0.5075 324.818 74.399 37.199 4
0.5126 321.333 104.589 52.295 4
0.5176 316.561 73.674 36.837 4
0.5226 308.325 84.753 42.377 4
0.5276 305.740 76.637 38.319 4
0.5327 317.617 64.228 32.114 4
0.5377 301.478 38.135 19.068 4
0.5427 281.559 12.055 6.028 4
0.5477 259.312 2.747 1.374 4
0.5528 272.760 33.406 16.703 4
0.5578 281.043 52.231 26.116 4
0.5628 295.747 52.208 26.104 4
0.5678 303.622 48.708 24.354 4
0.5729 292.826 20.285 10.143 4
0.5779 300.637 52.035 26.018 4
0.5829 306.993 58.270 29.135 4
0.5879 323.103 39.438 19.719 4
0.5930 347.696 61.784 30.892 4
0.5980 347.310 35.443 17.722 4
0.6030 341.587 41.876 20.938 4
0.6080 333.212 32.893 16.446 4
0.6131 369.365 52.848 26.424 4
0.6181 377.568 52.753 26.376 4
0.6231 375.947 66.502 33.251 4
0.6281 364.571 67.598 33.799 4
0.6332 342.934 74.481 37.241 4
0.6382 338.264 68.104 34.052 4
0.6432 330.767 52.365 26.183 4
0.6482 338.668 41.690 20.845 4
0.6533 323.388 67.779 33.890 4
0.6583 334.818 68.893 34.447 4
0.6633 307.602 52.417 26.208 4
0.6683 293.099 42.426 21.213 4
0.6734 297.211 38.514 19.257 4
0.6784 281.455 18.505 9.252 4
0.6834 286.490 22.680 11.340 4
0.6884 295.087 28.310 14.155 4
0.6935 289.249 28.776 14.388 4
0.6985 269.480 31.556 15.778 4
0.7035 281.183 43.144 21.572 4
0.7085 305.365 52.847 26.424 4
0.7136 337.546 74.665 37.332 4
0.7186 337.896 74.484 37.242 4
0.7236 352.576 111.046 55.523 4
0.7286 364.183 85.025 42.512 4
0.7337 364.528 74.812 37.406 4
0.7387 367.861 59.765 29.882 4
0.7437 374.844 68.362 34.181 4
0.7487 360.620 62.857 31.428 4
0.7538 375.227 71.306 35.653 4
0.7588 346.667 73.034 36.517 4
0.7638 368.841 92.721 46.361 4
0.7688 381.799 94.727 47.364 4
0.7739 392.364 88.296 44.148 4
0.7789 385.643 102.953 51.477 4
0.7839 394.097 89.037 44.519 4
0.7889 393.609 108.597 54.299 4
0.7940 406.488 114.304 57.152 4
0.7990 414.373 95.653 47.827 4
0.8040 432.395 96.557 48.279 4
0.8090 404.081 96.460 48.230 4
0.8141 404.869 88.824 44.412 4
0.8191 409.098 67.335 33.668 4
0.8241 417.482 59.012 29.506 4
0.8291 428.616 58.436 29.218 4
0.8342 410.220 73.141 36.571 4
0.8392 424.736 60.648 30.324 4
0.8442 402.829 67.706 33.853 4
0.8492 405.285 51.647 25.824 4
0.8543 424.678 54.380 27.190 4
0.8593 428.704 49.625 24.813 4
0.8643 421.521 72.425 36.213 4
0.8693 394.840 54.001 27.000 4
0.8744 395.570 27.099 13.549 4
0.8794 402.287 12.256 6.128 4
0.8844 403.564 15.069 7.534 4
0.8894 422.774 33.257 16.628 4
0.8945 391.111 50.455 25.228 4
0.8995 397.938 49.518 24.759 4
0.9045 390.824 43.602 21.801 4
0.9095 395.421 64.894 32.447 4
0.9146 398.726 55.462 27.731 4
0.9196 408.175 59.041 29.520 4
0.9246 398.420 64.155 32.078 4
0.9296 405.234 65.002 32.501 4
0.9347 389.423 63.195 31.598 4
0.9397 393.028 49.635 24.817 4
0.9447 394.192 90.162 45.081 4
0.9497 394.317 74.805 37.402 4
0.9548 377.197 79.789 39.895 4
0.9598 400.558 106.042 53.021 4
0.9648 406.856 131.115 65.557 4
0.9698 409.635 97.492 48.746 4
0.9749 429.642 105.729 52.864 4
0.9799 438.749 95.046 47.523 4
0.9849 433.610 69.402 34.701 4
0.9899 461.994 82.850 41.425 4
0.9950 440.029 40.001 20.001 4
1.0000 438.625 84.916 42.458 4
