step mean std sem n
0.1608 -20.900 0.000 0.000 1
0.1658 -20.894 0.031 0.018 3
0.1709 -20.932 0.024 0.012 4
0.1759 -20.942 0.030 0.015 4
0.1809 -20.950 0.041 0.020 4
0.1859 -20.948 0.044 0.022 4
0.1910 -20.942 0.054 0.027 4
0.1960 -20.936 0.065 0.033 4
0.2010 -20.926 0.085 0.043 4
0.2060 -20.915 0.105 0.053 4
0.2111 -20.906 0.109 0.054 4
0.2161 -20.896 0.104 0.052 4
0.2211 -20.886 0.095 0.047 4
0.2261 -20.876 0.087 0.044 4
0.2312 -20.871 0.094 0.047 4
0.2362 -20.863 0.106 0.053 4
0.2412 -20.836 0.100 0.050 4
0.2462 -20.793 0.083 0.041 4
0.2513 -20.762 0.081 0.040 4
0.2563 -20.737 0.078 0.039 4
0.2613 -20.716 0.077 0.039 4
0.2663 -20.707 0.090 0.045 4
0.2714 -20.706 0.113 0.056 4
0.2764 -20.700 0.122 0.061 4
0.2814 -20.696 0.119 0.059 4
0.2864 -20.688 0.118 0.059 4
0.2915 -20.670 0.122 0.061 4
0.2965 -20.635 0.136 0.068 4
0.3015 -20.598 0.151 0.075 4
0.3065 -20.569 0.170 0.085 4
0.3116 -20.548 0.189 0.095 4
0.3166 -20.515 0.211 0.105 4
0.3216 -20.486 0.221 0.111 4
0.3266 -20.459 0.219 0.110 4
0.3317 -20.446 0.209 0.104 4
0.3367 -20.435 0.202 0.101 4
0.3417 -20.409 0.182 0.091 4
0.3467 -20.389 0.168 0.084 4
0.3518 -20.387 0.165 0.083 4
0.3568 -20.387 0.165 0.082 4
0.3618 -20.367 0.168 0.084 4
0.3668 -20.330 0.187 0.094 4
0.3719 -20.282 0.218 0.109 4
0.3769 -20.234 0.252 0.126 4
0.3819 -20.191 0.281 0.140 4
0.3869 -20.158 0.300 0.150 4
0.3920 -20.131 0.325 0.163 4
0.3970 -20.108 0.353 0.176 4
0.4020 -20.084 0.381 0.191 4
0.4070 -20.068 0.391 0.196 4
0.4121 -20.064 0.385 0.192 4
0.4171 -20.073 0.386 0.193 4
0.4221 -20.084 0.386 0.193 4
0.4271 -20.081 0.389 0.194 4
0.4322 -20.085 0.414 0.207 4
0.4372 -20.087 0.442 0.221 4
0.4422 -20.056 0.453 0.226 4
0.4472 -20.020 0.466 0.233 4
0.4523 -19.989 0.486 0.243 4
0.4573 -19.956 0.512 0.256 4
0.4623 -19.919 0.533 0.266 4
0.4673 -19.881 0.549 0.274 4
0.4724 -19.858 0.551 0.275 4
0.4774 -19.841 0.546 0.273 4
0.4824 -19.820 0.544 0.272 4
0.4874 -19.780 0.570 0.285 4
0.4925 -19.736 0.603 0.302 4
0.4975 -19.693 0.636 0.318 4
0.5025 -19.661 0.679 0.339 4
0.5075 -19.636 0.716 0.358 4
0.5126 -19.605 0.743 0.371 4
0.5176 -19.571 0.765 0.383 4
0.5226 -19.529 0.788 0.394 4
0.5276 -19.490 0.815 0.408 4
0.5327 -19.457 0.852 0.426 4
0.5377 -19.426 0.886 0.443 4
0.5427 -19.393 0.911 0.455 4
0.5477 -19.360 0.938 0.469 4
0.5528 -19.328 0.964 0.482 4
0.5578 -19.301 0.982 0.491 4
0.5628 -19.274 1.003 0.501 4
0.5678 -19.245 1.028 0.514 4
0.5729 -19.216 1.053 0.527 4
0.5779 -19.183 1.072 0.536 4
0.5829 -19.149 1.089 0.545 4
0.5879 -19.123 1.106 0.553 4
0.5930 -19.104 1.125 0.563 4
0.5980 -19.076 1.150 0.575 4
0.6030 -19.043 1.165 0.583 4
0.6080 -19.007 1.193 0.597 4
0.6131 -18.980 1.229 0.615 4
0.6181 -18.953 1.268 0.634 4
0.6231 -18.924 1.305 0.653 4
0.6281 -18.896 1.333 0.666 4
0.6332 -18.870 1.349 0.675 4
0.6382 -18.845 1.364 0.682 4
0.6432 -18.820 1.375 0.688 4
0.6482 -18.804 1.380 0.690 4
0.6533 -18.800 1.383 0.691 4
0.6583 -18.813 1.364 0.682 4
0.6633 -18.808 1.365 0.682 4
0.6683 -18.780 1.383 0.692 4
0.6734 -18.749 1.396 0.698 4
0.6784 -18.718 1.410 0.705 4
0.6834 -18.658 1.429 0.714 4
0.6884 -18.596 1.430 0.715 4
0.6935 -18.534 1.426 0.713 4
0.6985 -18.464 1.418 0.709 4
0.7035 -18.404 1.427 0.714 4
0.7085 -18.328 1.464 0.732 4
0.7136 -18.245 1.511 0.756 4
0.7186 -18.168 1.566 0.783 4
0.7236 -18.114 1.637 0.818 4
0.7286 -18.059 1.708 0.854 4
0.7337 -18.015 1.769 0.885 4
0.7387 -17.958 1.778 0.889 4
0.7437 -17.902 1.787 0.893 4
0.7487 -17.842 1.797 0.899 4
0.7538 -17.763 1.809 0.905 4
0.7588 -17.682 1.820 0.910 4
0.7638 -17.603 1.831 0.915 4
0.7688 -17.529 1.850 0.925 4
0.7739 -17.475 1.895 0.947 4
0.7789 -17.416 1.940 0.970 4
0.7839 -17.335 1.996 0.998 4
0.7889 -17.248 2.059 1.030 4
0.7940 -17.151 2.110 1.055 4
0.7990 -17.040 2.142 1.071 4
0.8040 -16.937 2.164 1.082 4
0.8090 -16.842 2.160 1.080 4
0.8141 -16.748 2.162 1.081 4
0.8191 -16.655 2.165 1.082 4
0.8241 -16.562 2.167 1.084 4
0.8291 -16.463 2.247 1.123 4
0.8342 -16.361 2.336 1.168 4
0.8392 -16.250 2.410 1.205 4
0.8442 -16.128 2.464 1.232 4
0.8492 -16.005 2.519 1.259 4
0.8543 -15.893 2.555 1.277 4
0.8593 -15.816 2.602 1.301 4
0.8643 -15.742 2.655 1.328 4
0.8693 -15.663 2.706 1.353 4
0.8744 -15.581 2.752 1.376 4
0.8794 -15.498 2.798 1.399 4
0.8844 -15.400 2.873 1.436 4
0.8894 -15.275 2.969 1.485 4
0.8945 -15.150 3.067 1.534 4
0.8995 -15.025 3.167 1.584 4
0.9045 -14.901 3.270 1.635 4
0.9095 -14.812 3.312 1.656 4
0.9146 -14.758 3.293 1.647 4
0.9196 -14.704 3.275 1.637 4
0.9246 -14.647 3.254 1.627 4
0.9296 -14.590 3.233 1.616 4
0.9347 -14.502 3.246 1.623 4
0.9397 -14.383 3.284 1.642 4
0.9447 -14.288 3.350 1.675 4
0.9497 -14.193 3.418 1.709 4
0.9548 -14.080 3.466 1.733 4
0.9598 -13.954 3.498 1.749 4
0.9648 -13.882 3.426 1.713 4
0.9698 -13.823 3.341 1.670 4
0.9749 -13.779 3.272 1.636 4
0.9799 -13.725 3.274 1.637 4
0.9849 -13.672 3.276 1.638 4
0.9899 -13.606 3.263 1.631 4
0.9950 -13.430 3.173 1.586 4
1.0000 -12.775 3.310 1.655 4
