step mean std sem n
0.0151 1.250 2.500 1.250 4
0.0201 2.500 2.887 1.443 4
0.0251 7.915 9.595 4.797 4
0.0302 15.207 10.740 5.370 4
0.0352 39.160 26.802 13.401 4
0.0402 60.380 37.891 18.946 4
0.0452 82.617 53.080 26.540 4
0.0503 103.908 67.721 33.861 4
0.0553 130.083 57.592 28.796 4
0.0603 152.083 63.284 31.642 4
0.0653 175.538 58.163 29.082 4
0.0704 198.034 58.021 29.010 4
0.0754 223.493 57.746 28.873 4
0.0804 243.611 49.795 24.897 4
0.0854 269.444 51.414 25.707 4
0.0905 287.890 51.152 25.576 4
0.0955 293.269 46.934 23.467 4
0.1005 299.164 48.434 24.217 4
0.1055 297.249 45.649 22.825 4
0.1106 296.104 11.428 5.714 4
0.1156 304.166 13.949 6.974 4
0.1206 290.232 23.080 11.540 4
0.1256 276.786 47.071 23.535 4
0.1307 267.189 89.036 44.518 4
0.1357 271.832 74.270 37.135 4
0.1407 279.273 89.991 44.996 4
0.1457 316.740 102.055 51.028 4
0.1508 331.669 134.521 67.260 4
0.1558 350.384 145.959 72.979 4
0.1608 399.154 196.533 98.266 4
0.1658 430.226 211.777 105.888 4
0.1709 471.848 231.903 115.952 4
0.1759 518.252 257.916 128.958 4
0.1809 559.723 303.511 151.756 4
0.1859 590.802 356.251 178.125 4
0.1910 680.977 447.013 223.506 4
0.1960 667.239 415.275 207.638 4
0.2010 756.172 512.631 256.316 4
0.2060 772.688 512.901 256.451 4
0.2111 834.828 576.243 288.121 4
0.2161 887.221 642.199 321.100 4
0.2211 908.866 697.620 348.810 4
0.2261 971.767 732.807 366.404 4
0.2312 981.970 785.708 392.854 4
0.2362 1021.038 756.826 378.413 4
0.2412 1053.436 808.544 404.272 4
0.2462 1041.044 755.330 377.665 4
0.2513 1077.218 814.225 407.112 4
0.2563 1162.694 854.574 427.287 4
0.2613 1037.059 722.533 361.266 4
0.2663 1054.036 736.148 368.074 4
0.2714 1026.943 733.377 366.689 4
0.2764 1148.724 781.883 390.941 4
0.2814 1172.285 774.543 387.271 4
0.2864 1244.563 834.131 417.066 4
0.2915 1250.648 833.495 416.748 4
0.2965 1259.427 820.395 410.198 4
0.3015 1193.726 722.160 361.080 4
0.3065 1275.559 843.624 421.812 4
0.3116 1314.146 844.830 422.415 4
0.3166 1442.665 996.048 498.024 4
0.3216 1484.870 961.765 480.882 4
0.3266 1578.782 1009.409 504.704 4
0.3317 1594.655 1075.968 537.984 4
0.3367 1664.392 1220.077 610.039 4
0.3417 1655.899 1188.380 594.190 4
0.3467 1731.038 1272.453 636.226 4
0.3518 1781.350 1267.284 633.642 4
0.3568 1921.895 1380.576 690.288 4
0.3618 1941.127 1329.694 664.847 4
0.3668 2028.693 1484.673 742.337 4
0.3719 2026.004 1525.734 762.867 4
0.3769 2002.947 1379.520 689.760 4
0.3819 2116.541 1530.262 765.131 4
0.3869 2256.133 1683.819 841.909 4
0.3920 2319.311 1774.480 887.240 4
0.3970 2417.870 1818.212 909.106 4
0.4020 2294.466 1552.147 776.074 4
0.4070 2425.359 1631.121 815.560 4
0.4121 2398.454 1537.674 768.837 4
0.4171 2482.752 1703.608 851.804 4
0.4221 2331.008 1611.637 805.818 4
0.4271 2462.136 1749.527 874.763 4
0.4322 2401.463 1669.691 834.846 4
0.4372 2365.702 1662.672 831.336 4
0.4422 2412.010 1613.188 806.594 4
0.4472 2337.408 1670.233 835.117 4
0.4523 2248.313 1470.829 735.415 4
0.4573 2267.937 1700.954 850.477 4
0.4623 2166.664 1504.663 752.332 4
0.4673 2245.429 1627.801 813.900 4
0.4724 2177.825 1533.462 766.731 4
0.4774 2303.767 1630.446 815.223 4
0.4824 2393.860 1702.986 851.493 4
0.4874 2475.459 1708.486 854.243 4
0.4925 2472.797 1527.003 763.502 4
0.4975 2420.844 1533.612 766.806 4
0.5025 2483.392 1614.038 807.019 4
0.5075 2594.236 1656.755 828.377 4
0.5126 2760.825 1691.395 845.697 4
0.5176 2724.789 1426.547 713.274 4
0.5226 2692.133 1616.324 808.162 4
0.5276 2582.012 1450.722 725.361 4
0.5327 2629.584 1543.175 771.587 4
0.5377 2659.273 1542.508 771.254 4
0.5427 2651.912 1440.962 720.481 4
0.5477 2827.438 1505.821 752.911 4
0.5528 2908.750 1648.932 824.466 4
0.5578 2864.743 1569.710 784.855 4
0.5628 2921.230 1475.645 737.823 4
0.5678 2996.550 1448.069 724.034 4
0.5729 3046.482 1464.723 732.362 4
0.5779 3138.039 1542.403 771.201 4
0.5829 3085.676 1662.673 831.336 4
0.5879 3069.355 1588.649 794.325 4
0.5930 3224.426 1574.192 787.096 4
0.5980 3367.546 1651.655 825.828 4
0.6030 3442.563 1583.798 791.899 4
0.6080 3418.172 1611.827 805.914 4
0.6131 3557.916 1649.111 824.555 4
0.6181 3503.924 1544.315 772.158 4
0.6231 3609.060 1683.474 841.737 4
0.6281 3402.540 1512.271 756.136 4
0.6332 3419.798 1601.594 800.797 4
0.6382 3512.091 1623.485 811.743 4
0.6432 3436.456 1504.611 752.306 4
0.6482 3523.075 1549.346 774.673 4
0.6533 3582.727 1568.027 784.013 4
0.6583 3610.216 1749.529 874.764 4
0.6633 3268.409 1508.034 754.017 4
0.6683 3383.457 1539.429 769.714 4
0.6734 3383.246 1431.396 715.698 4
0.6784 3386.950 1840.962 920.481 4
0.6834 3288.205 1536.771 768.385 4
0.6884 3529.706 1721.749 860.874 4
0.6935 3655.978 1843.879 921.939 4
0.6985 3521.240 1598.210 799.105 4
0.7035 3651.592 1796.912 898.456 4
0.7085 3641.625 1563.566 781.783 4
0.7136 3438.310 1625.349 812.674 4
0.7186 3661.906 1725.247 862.623 4
0.7236 3768.920 1789.322 894.661 4
0.7286 3820.387 1783.043 891.522 4
0.7337 3724.438 1441.108 720.554 4
0.7387 3838.248 1585.489 792.745 4
0.7437 3974.908 1648.170 824.085 4
0.7487 3706.273 1619.447 809.724 4
0.7538 3804.637 1722.124 861.062 4
0.7588 3648.046 1537.119 768.559 4
0.7638 3874.592 1569.191 784.595 4
0.7688 3820.961 1278.104 639.052 4
0.7739 3894.139 1589.066 794.533 4
0.7789 3748.529 1430.408 715.204 4
0.7839 3874.187 1596.953 798.477 4
0.7889 3790.494 1639.594 819.797 4
0.7940 3787.836 1805.672 902.836 4
0.7990 3765.285 1758.398 879.199 4
0.8040 3733.377 1590.216 795.108 4
0.8090 3564.495 1494.837 747.419 4
0.8141 3685.444 1465.653 732.826 4
0.8191 3614.893 1372.674 686.337 4
0.8241 3676.339 1272.710 636.355 4
0.8291 3743.033 1410.183 705.091 4
0.8342 3893.290 1297.843 648.921 4
0.8392 3843.870 1308.742 654.371 4
0.8442 3726.633 1137.513 568.757 4
0.8492 3722.654 979.152 489.576 4
0.8543 3887.691 1118.353 559.177 4
0.8593 3808.610 807.920 403.960 4
0.8643 3860.195 1038.356 519.178 4
0.8693 3745.546 692.857 346.428 4
0.8744 3779.289 1063.486 531.743 4
0.8794 3786.377 1077.731 538.865 4
0.8844 3808.738 1085.105 542.552 4
0.8894 3823.035 1389.039 694.520 4
0.8945 3792.171 1265.270 632.635 4
0.8995 3869.233 1163.960 581.980 4
0.9045 3717.317 1320.722 660.361 4
0.9095 4010.003 1452.953 726.476 4
0.9146 3912.579 1633.701 816.850 4
0.9196 3940.068 1552.334 776.167 4
0.9246 4047.625 1809.273 904.636 4
0.9296 4011.882 1873.018 936.509 4
0.9347 4068.565 1608.100 804.050 4
0.9397 4006.666 1618.956 809.478 4
0.9447 4015.880 1501.901 750.951 4
0.9497 3996.207 1538.923 769.462 4
0.9548 4265.902 1657.040 828.520 4
0.9598 4318.782 1489.317 744.658 4
0.9648 4243.058 1463.193 731.596 4
0.9698 4310.713 1519.410 759.705 4
0.9749 4197.687 1398.175 699.088 4
0.9799 4321.613 1606.056 803.028 4
0.9849 4407.349 1624.315 812.157 4
0.9899 4531.054 1598.345 799.173 4
0.9950 4246.165 1167.552 583.776 4
1.0000 4293.750 1166.436 583.218 4
