step mean std sem n
0.0251 22.110 2.248 1.589 2
0.0302 29.135 2.017 1.008 4
0.0352 33.954 1.702 0.851 4
0.0402 36.258 7.928 3.964 4
0.0452 41.950 8.944 4.472 4
0.0503 43.793 8.684 4.342 4
0.0553 46.182 9.084 4.542 4
0.0603 49.843 11.416 5.708 4
0.0653 52.895 14.791 7.395 4
0.0704 52.855 12.511 6.255 4
0.0754 54.856 12.668 6.334 4
0.0804 51.702 14.785 7.392 4
0.0854 50.309 16.867 8.433 4
0.0905 51.735 18.791 9.395 4
0.0955 51.478 16.530 8.265 4
0.1005 52.754 19.185 9.592 4
0.1055 52.938 21.684 10.842 4
0.1106 52.812 17.276 8.638 4
0.1156 56.781 15.867 7.934 4
0.1206 58.451 16.664 8.332 4
0.1256 61.674 19.233 9.616 4
0.1307 61.373 19.444 9.722 4
0.1357 61.048 17.957 8.979 4
0.1407 60.959 16.561 8.280 4
0.1457 56.588 9.009 4.504 4
0.1508 54.587 13.490 6.745 4
0.1558 57.770 15.443 7.721 4
0.1608 62.002 14.168 7.084 4
0.1658 59.117 9.854 4.927 4
0.1709 60.328 10.572 5.286 4
0.1759 60.468 6.718 3.359 4
0.1809 61.328 7.492 3.746 4
0.1859 59.332 7.960 3.980 4
0.1910 60.127 6.442 3.221 4
0.1960 57.954 10.537 5.269 4
0.2010 51.941 13.116 6.558 4
0.2060 52.101 10.376 5.188 4
0.2111 52.172 11.814 5.907 4
0.2161 55.063 13.288 6.644 4
0.2211 53.650 15.977 7.989 4
0.2261 55.968 17.973 8.986 4
0.2312 57.660 18.199 9.100 4
0.2362 60.549 20.077 10.039 4
0.2412 65.003 22.036 11.018 4
0.2462 65.024 22.659 11.330 4
0.2513 67.847 23.767 11.883 4
0.2563 68.991 25.021 12.510 4
0.2613 70.526 25.249 12.625 4
0.2663 70.318 25.585 12.792 4
0.2714 71.305 25.584 12.792 4
0.2764 71.635 21.527 10.763 4
0.2814 73.552 22.389 11.194 4
0.2864 74.759 26.750 13.375 4
0.2915 71.331 20.601 10.301 4
0.2965 72.275 20.692 10.346 4
0.3015 68.506 17.902 8.951 4
0.3065 66.879 15.236 7.618 4
0.3116 66.157 13.931 6.966 4
0.3166 64.634 15.741 7.871 4
0.3216 65.690 15.703 7.851 4
0.3266 67.312 16.947 8.474 4
0.3317 64.543 16.194 8.097 4
0.3367 62.908 14.720 7.360 4
0.3417 66.548 16.256 8.128 4
0.3467 72.013 16.010 8.005 4
0.3518 73.909 15.755 7.878 4
0.3568 74.492 16.759 8.379 4
0.3618 77.883 14.750 7.375 4
0.3668 78.512 12.883 6.442 4
0.3719 76.192 13.742 6.871 4
0.3769 78.518 18.922 9.461 4
0.3819 80.098 18.303 9.151 4
0.3869 82.911 17.030 8.515 4
0.3920 82.399 16.011 8.005 4
0.3970 79.866 18.156 9.078 4
0.4020 78.112 17.315 8.658 4
0.4070 79.697 15.973 7.986 4
0.4121 80.898 10.631 5.315 4
0.4171 82.968 9.858 4.929 4
0.4221 81.292 5.788 2.894 4
0.4271 79.768 3.633 1.817 4
0.4322 80.326 7.138 3.569 4
0.4372 83.566 6.413 3.207 4
0.4422 83.960 9.430 4.715 4
0.4472 85.149 6.650 3.325 4
0.4523 84.149 6.757 3.379 4
0.4573 83.045 8.706 4.353 4
0.4623 81.856 5.554 2.777 4
0.4673 85.047 6.578 3.289 4
0.4724 87.111 4.454 2.227 4
0.4774 86.663 6.114 3.057 4
0.4824 90.197 6.216 3.108 4
0.4874 90.479 8.064 4.032 4
0.4925 89.392 6.047 3.024 4
0.4975 88.755 9.348 4.674 4
0.5025 91.020 13.061 6.531 4
0.5075 88.688 17.539 8.769 4
0.5126 85.339 16.704 8.352 4
0.5176 82.348 21.644 10.822 4
0.5226 79.800 27.598 13.799 4
0.5276 80.966 27.815 13.908 4
0.5327 85.271 26.907 13.453 4
0.5377 84.835 30.372 15.186 4
0.5427 81.142 22.767 11.383 4
0.5477 79.540 17.464 8.732 4
0.5528 77.956 14.638 7.319 4
0.5578 79.746 13.257 6.628 4
0.5628 75.742 15.013 7.507 4
0.5678 74.721 14.143 7.072 4
0.5729 74.353 14.969 7.485 4
0.5779 77.869 15.536 7.768 4
0.5829 76.800 16.489 8.245 4
0.5879 74.220 17.462 8.731 4
0.5930 71.456 16.265 8.132 4
0.5980 74.334 20.351 10.176 4
0.6030 74.273 24.103 12.051 4
0.6080 73.651 19.996 9.998 4
0.6131 75.757 16.941 8.470 4
0.6181 76.418 23.423 11.712 4
0.6231 79.167 24.279 12.140 4
0.6281 82.034 20.578 10.289 4
0.6332 82.660 21.438 10.719 4
0.6382 83.462 21.521 10.761 4
0.6432 85.349 20.418 10.209 4
0.6482 88.987 20.805 10.402 4
0.6533 89.780 22.917 11.458 4
0.6583 89.949 23.424 11.712 4
0.6633 87.517 22.914 11.457 4
0.6683 88.827 23.786 11.893 4
0.6734 86.921 26.214 13.107 4
0.6784 91.787 28.831 14.416 4
0.6834 94.480 32.498 16.249 4
0.6884 96.535 33.148 16.574 4
0.6935 90.702 30.843 15.422 4
0.6985 92.747 31.851 15.926 4
0.7035 91.169 33.828 16.914 4
0.7085 90.936 31.990 15.995 4
0.7136 92.077 34.665 17.332 4
0.7186 91.288 28.027 14.013 4
0.7236 87.838 27.824 13.912 4
0.7286 87.194 26.936 13.468 4
0.7337 89.045 24.792 12.396 4
0.7387 88.048 20.344 10.172 4
0.7437 83.757 17.910 8.955 4
0.7487 83.777 22.805 11.402 4
0.7538 85.861 21.074 10.537 4
0.7588 84.620 22.646 11.323 4
0.7638 84.359 20.596 10.298 4
0.7688 81.131 21.286 10.643 4
0.7739 78.376 22.372 11.186 4
0.7789 79.486 19.970 9.985 4
0.7839 79.891 18.453 9.227 4
0.7889 80.359 18.868 9.434 4
0.7940 83.419 20.239 10.120 4
0.7990 82.609 19.141 9.570 4
0.8040 81.089 18.561 9.281 4
0.8090 81.377 18.024 9.012 4
0.8141 81.955 17.945 8.972 4
0.8191 83.927 21.605 10.803 4
0.8241 87.655 22.246 11.123 4
0.8291 91.313 22.487 11.244 4
0.8342 92.399 23.306 11.653 4
0.8392 92.124 25.147 12.573 4
0.8442 91.985 26.838 13.419 4
0.8492 93.200 26.401 13.201 4
0.8543 97.296 29.297 14.649 4
0.8593 98.476 30.212 15.106 4
0.8643 100.780 34.307 17.153 4
0.8693 101.563 35.310 17.655 4
0.8744 99.914 30.728 15.364 4
0.8794 96.237 26.098 13.049 4
0.8844 94.172 21.998 10.999 4
0.8894 95.603 22.503 11.252 4
0.8945 100.514 23.931 11.965 4
0.8995 98.805 22.213 11.106 4
0.9045 98.280 23.574 11.787 4
0.9095 98.813 23.354 11.677 4
0.9146 94.118 22.322 11.161 4
0.9196 93.807 24.023 12.011 4
0.9246 97.051 24.484 12.242 4
0.9296 100.929 23.642 11.821 4
0.9347 104.868 27.431 13.716 4
0.9397 105.938 26.708 13.354 4
0.9447 106.576 22.340 11.170 4
0.9497 106.684 20.293 10.146 4
0.9548 102.619 12.616 6.308 4
0.9598 101.300 11.243 5.621 4
0.9648 104.410 8.977 4.489 4
0.9698 106.572 12.767 6.383 4
0.9749 107.602 13.667 6.834 4
0.9799 108.571 14.276 7.138 4
0.9849 109.483 19.400 9.700 4
0.9899 104.262 25.120 12.560 4
0.9950 101.341 29.162 14.581 4
1.0000 94.250 28.837 14.419 4
