step mean std sem n
0.0201 67.216 0.000 0.000 1
0.0251 97.502 30.490 15.245 4
0.0302 140.183 30.043 15.021 4
0.0352 167.952 54.606 27.303 4
0.0402 203.318 57.068 28.534 4
0.0452 251.591 115.388 57.694 4
0.0503 286.089 147.856 73.928 4
0.0553 277.948 138.883 69.441 4
0.0603 295.889 138.586 69.293 4
0.0653 286.254 60.402 30.201 4
0.0704 296.466 44.149 22.075 4
0.0754 324.729 55.791 27.896 4
0.0804 349.413 68.429 34.215 4
0.0854 328.879 108.262 54.131 4
0.0905 326.372 154.670 77.335 4
0.0955 334.307 191.471 95.735 4
0.1005 313.922 198.808 99.404 4
0.1055 281.926 170.164 85.082 4
0.1106 261.618 76.631 38.316 4
0.1156 256.939 61.082 30.541 4
0.1206 297.890 79.500 39.750 4
0.1256 339.711 75.403 37.702 4
0.1307 350.500 75.230 37.615 4
0.1357 403.679 82.604 41.302 4
0.1407 454.483 94.117 47.059 4
0.1457 471.765 88.420 44.210 4
0.1508 514.168 130.965 65.483 4
0.1558 553.865 109.922 54.961 4
0.1608 515.355 138.495 69.247 4
0.1658 503.181 97.926 48.963 4
0.1709 465.105 81.181 40.590 4
0.1759 421.580 74.494 37.247 4
0.1809 383.109 142.604 71.302 4
0.1859 396.874 183.776 91.888 4
0.1910 391.239 196.010 98.005 4
0.1960 396.715 193.434 96.717 4
0.2010 410.062 159.744 79.872 4
0.2060 435.536 171.672 85.836 4
0.2111 462.623 189.741 94.870 4
0.2161 500.337 168.503 84.252 4
0.2211 509.093 177.607 88.804 4
0.2261 571.696 194.729 97.365 4
0.2312 587.110 223.034 111.517 4
0.2362 599.321 193.903 96.951 4
0.2412 576.102 203.426 101.713 4
0.2462 563.376 144.238 72.119 4
0.2513 593.193 139.492 69.746 4
0.2563 607.836 203.440 101.720 4
0.2613 624.189 157.633 78.816 4
0.2663 572.650 91.823 45.911 4
0.2714 563.540 62.537 31.269 4
0.2764 587.445 61.632 30.816 4
0.2814 559.438 84.402 42.201 4
0.2864 601.261 91.713 45.856 4
0.2915 562.645 97.453 48.726 4
0.2965 547.986 58.163 29.082 4
0.3015 601.420 76.294 38.147 4
0.3065 624.482 92.668 46.334 4
0.3116 633.040 98.015 49.008 4
0.3166 677.475 69.455 34.728 4
0.3216 698.100 53.857 26.929 4
0.3266 671.951 51.546 25.773 4
0.3317 698.728 75.034 37.517 4
0.3367 686.108 74.607 37.303 4
0.3417 735.400 94.955 47.477 4
0.3467 713.241 89.236 44.618 4
0.3518 721.869 83.215 41.608 4
0.3568 732.654 101.757 50.878 4
0.3618 725.975 127.706 63.853 4
0.3668 678.665 59.340 29.670 4
0.3719 739.250 123.751 61.876 4
0.3769 731.848 144.900 72.450 4
0.3819 694.853 147.428 73.714 4
0.3869 762.248 157.913 78.956 4
0.3920 776.471 125.782 62.891 4
0.3970 784.881 103.845 51.922 4
0.4020 780.770 122.727 61.364 4
0.4070 760.536 157.981 78.991 4
0.4121 730.269 118.475 59.237 4
0.4171 724.746 75.602 37.801 4
0.4221 704.618 55.032 27.516 4
0.4271 649.634 96.634 48.317 4
0.4322 628.882 115.001 57.500 4
0.4372 586.152 179.426 89.713 4
0.4422 601.303 152.465 76.232 4
0.4472 630.658 163.504 81.752 4
0.4523 675.342 184.456 92.228 4
0.4573 693.134 199.771 99.885 4
0.4623 670.519 221.048 110.524 4
0.4673 700.152 227.330 113.665 4
0.4724 769.184 194.052 97.026 4
0.4774 763.724 178.709 89.355 4
0.4824 812.965 198.570 99.285 4
0.4874 842.287 180.272 90.136 4
0.4925 832.642 239.704 119.852 4
0.4975 811.533 200.784 100.392 4
0.5025 801.655 167.892 83.946 4
0.5075 843.673 164.766 82.383 4
0.5126 813.165 104.632 52.316 4
0.5176 767.692 88.762 44.381 4
0.5226 798.860 56.038 28.019 4
0.5276 748.098 53.863 26.932 4
0.5327 736.745 111.472 55.736 4
0.5377 748.525 120.399 60.200 4
0.5427 742.726 68.470 34.235 4
0.5477 723.481 67.551 33.775 4
0.5528 723.101 63.144 31.572 4
0.5578 743.363 108.685 54.343 4
0.5628 713.890 219.857 109.928 4
0.5678 722.772 156.504 78.252 4
0.5729 718.140 132.999 66.499 4
0.5779 726.596 131.947 65.973 4
0.5829 754.095 141.862 70.931 4
0.5879 773.108 121.894 60.947 4
0.5930 717.587 124.308 62.154 4
0.5980 729.942 182.609 91.304 4
0.6030 781.630 175.641 87.820 4
0.6080 852.136 139.247 69.624 4
0.6131 920.637 167.031 83.515 4
0.6181 941.074 189.383 94.691 4
0.6231 934.396 243.515 121.757 4
0.6281 958.959 220.597 110.298 4
0.6332 908.181 187.907 93.954 4
0.6382 870.381 193.252 96.626 4
0.6432 884.328 203.253 101.626 4
0.6482 801.813 253.998 126.999 4
0.6533 729.554 255.977 127.989 4
0.6583 668.352 291.259 145.630 4
0.6633 662.310 214.694 107.347 4
0.6683 671.976 193.109 96.554 4
0.6734 681.333 131.844 65.922 4
0.6784 705.843 116.213 58.107 4
0.6834 684.482 135.746 67.873 4
0.6884 654.627 104.624 52.312 4
0.6935 625.634 80.938 40.469 4
0.6985 614.368 46.246 23.123 4
0.7035 624.492 34.793 17.397 4
0.7085 639.220 48.787 24.393 4
0.7136 648.783 72.130 36.065 4
0.7186 659.689 89.722 44.861 4
0.7236 640.095 149.501 74.750 4
0.7286 620.009 137.981 68.991 4
0.7337 661.969 128.265 64.133 4
0.7387 727.457 116.092 58.046 4
0.7437 762.889 96.076 48.038 4
0.7487 775.573 97.113 48.557 4
0.7538 736.685 78.334 39.167 4
0.7588 736.505 80.154 40.077 4
0.7638 774.454 93.199 46.600 4
0.7688 816.365 77.327 38.663 4
0.7739 852.977 95.531 47.766 4
0.7789 862.762 61.392 30.696 4
0.7839 880.053 94.857 47.429 4
0.7889 915.379 118.849 59.424 4
0.7940 925.867 85.433 42.716 4
0.7990 942.740 65.394 32.697 4
0.8040 934.385 29.153 14.577 4
0.8090 885.160 67.959 33.980 4
0.8141 899.851 83.832 41.916 4
0.8191 916.577 70.484 35.242 4
0.8241 888.658 99.147 49.573 4
0.8291 895.968 107.841 53.921 4
0.8342 858.974 173.381 86.691 4
0.8392 797.514 203.722 101.861 4
0.8442 827.147 232.457 116.228 4
0.8492 842.884 233.455 116.727 4
0.8543 825.495 184.637 92.318 4
0.8593 856.899 169.659 84.830 4
0.8643 860.569 142.543 71.271 4
0.8693 871.736 127.961 63.981 4
0.8744 889.106 65.562 32.781 4
0.8794 922.317 60.191 30.096 4
0.8844 967.561 100.592 50.296 4
0.8894 989.706 140.000 70.000 4
0.8945 1027.334 135.165 67.582 4
0.8995 1035.614 175.702 87.851 4
0.9045 1015.843 205.296 102.648 4
0.9095 1018.688 209.115 104.557 4
0.9146 945.728 195.363 97.682 4
0.9196 850.088 125.961 62.980 4
0.9246 779.493 59.771 29.885 4
0.9296 767.489 110.532 55.266 4
0.9347 776.305 76.734 38.367 4
0.9397 783.004 91.626 45.813 4
0.9447 757.265 150.245 75.122 4
0.9497 690.194 199.646 99.823 4
0.9548 699.442 215.808 107.904 4
0.9598 706.491 237.827 118.913 4
0.9648 737.803 230.141 115.070 4
0.9698 775.403 238.656 119.328 4
0.9749 779.426 277.726 138.863 4
0.9799 798.403 280.940 140.470 4
0.9849 802.934 339.121 169.560 4
0.9899 832.206 358.502 179.251 4
0.9950 867.486 335.183 167.591 4
1.0000 859.250 272.821 136.410 4
