step mean std sem n
0.0201 83.336 59.334 29.667 4
0.0251 87.088 54.764 27.382 4
0.0302 111.863 65.667 32.833 4
0.0352 133.555 75.462 37.731 4
0.0402 200.479 121.477 60.738 4
0.0452 228.493 139.151 69.575 4
0.0503 232.433 144.865 72.433 4
0.0553 264.657 164.557 82.279 4
0.0603 248.706 172.187 86.094 4
0.0653 203.389 162.541 81.270 4
0.0704 261.977 202.288 101.144 4
0.0754 262.411 152.285 76.143 4
0.0804 276.616 140.812 70.406 4
0.0854 294.246 161.657 80.828 4
0.0905 328.633 186.264 93.132 4
0.0955 352.469 185.222 92.611 4
0.1005 359.794 222.324 111.162 4
0.1055 365.722 235.513 117.756 4
0.1106 386.773 242.849 121.424 4
0.1156 408.222 243.387 121.694 4
0.1206 448.326 236.055 118.027 4
0.1256 455.651 218.327 109.163 4
0.1307 470.833 209.513 104.756 4
0.1357 486.326 243.461 121.731 4
0.1407 477.224 216.386 108.193 4
0.1457 451.784 222.792 111.396 4
0.1508 440.310 227.435 113.718 4
0.1558 418.195 210.248 105.124 4
0.1608 430.371 273.029 136.515 4
0.1658 445.156 229.524 114.762 4
0.1709 465.314 187.054 93.527 4
0.1759 499.550 136.919 68.459 4
0.1809 502.188 34.743 17.371 4
0.1859 503.171 30.966 15.483 4
0.1910 503.879 47.170 23.585 4
0.1960 546.825 77.739 38.870 4
0.2010 590.758 89.070 44.535 4
0.2060 525.172 119.793 59.896 4
0.2111 554.413 135.934 67.967 4
0.2161 529.794 251.059 125.530 4
0.2211 541.475 252.258 126.129 4
0.2261 545.701 286.751 143.375 4
0.2312 534.537 300.718 150.359 4
0.2362 529.950 271.850 135.925 4
0.2412 557.268 338.068 169.034 4
0.2462 556.966 349.509 174.754 4
0.2513 566.228 312.248 156.124 4
0.2563 572.413 336.932 168.466 4
0.2613 605.477 361.910 180.955 4
0.2663 622.230 351.546 175.773 4
0.2714 644.540 360.850 180.425 4
0.2764 671.816 337.759 168.880 4
0.2814 722.080 358.790 179.395 4
0.2864 741.702 370.429 185.215 4
0.2915 748.913 412.471 206.235 4
0.2965 693.058 352.742 176.371 4
0.3015 690.419 317.169 158.584 4
0.3065 669.685 281.128 140.564 4
0.3116 624.961 313.669 156.834 4
0.3166 611.000 329.251 164.625 4
0.3216 588.487 378.980 189.490 4
0.3266 623.545 361.573 180.786 4
0.3317 651.472 374.537 187.269 4
0.3367 654.698 316.737 158.369 4
0.3417 640.025 247.558 123.779 4
0.3467 657.223 227.777 113.889 4
0.3518 657.183 174.861 87.431 4
0.3568 718.225 179.416 89.708 4
0.3618 744.315 191.551 95.775 4
0.3668 758.802 190.445 95.222 4
0.3719 775.553 206.725 103.362 4
0.3769 764.257 242.194 121.097 4
0.3819 760.937 221.645 110.823 4
0.3869 786.560 276.114 138.057 4
0.3920 780.780 323.672 161.836 4
0.3970 801.575 339.415 169.707 4
0.4020 799.781 442.249 221.124 4
0.4070 799.988 513.709 256.854 4
0.4121 825.616 474.266 237.133 4
0.4171 858.622 457.291 228.645 4
0.4221 850.012 405.425 202.713 4
0.4271 780.267 358.942 179.471 4
0.4322 773.764 325.392 162.696 4
0.4372 818.333 329.281 164.640 4
0.4422 860.846 317.767 158.883 4
0.4472 721.694 268.512 134.256 4
0.4523 681.815 240.555 120.278 4
0.4573 641.302 240.507 120.254 4
0.4623 651.712 272.741 136.370 4
0.4673 708.042 316.032 158.016 4
0.4724 754.156 363.119 181.559 4
0.4774 773.080 413.319 206.659 4
0.4824 759.630 438.073 219.036 4
0.4874 734.858 443.277 221.638 4
0.4925 728.321 442.110 221.055 4
0.4975 738.142 423.592 211.796 4
0.5025 740.489 453.231 226.615 4
0.5075 798.354 484.509 242.254 4
0.5126 857.161 525.164 262.582 4
0.5176 882.461 504.222 252.111 4
0.5226 896.337 505.325 252.662 4
0.5276 897.394 519.951 259.976 4
0.5327 945.752 529.011 264.506 4
0.5377 988.317 553.762 276.881 4
0.5427 953.456 513.711 256.855 4
0.5477 844.119 360.389 180.194 4
0.5528 842.390 352.045 176.023 4
0.5578 785.911 310.361 155.180 4
0.5628 760.906 324.147 162.074 4
0.5678 796.259 343.936 171.968 4
0.5729 804.008 327.605 163.802 4
0.5779 811.069 340.656 170.328 4
0.5829 763.130 317.231 158.615 4
0.5879 706.758 272.268 136.134 4
0.5930 692.958 234.610 117.305 4
0.5980 704.704 214.403 107.201 4
0.6030 730.223 243.352 121.676 4
0.6080 727.660 224.243 112.122 4
0.6131 740.761 211.465 105.733 4
0.6181 744.764 242.469 121.235 4
0.6231 757.511 248.402 124.201 4
0.6281 746.525 262.985 131.493 4
0.6332 738.834 259.216 129.608 4
0.6382 751.133 248.173 124.086 4
0.6432 756.022 258.721 129.361 4
0.6482 760.785 260.893 130.446 4
0.6533 796.083 260.445 130.223 4
0.6583 810.861 254.873 127.437 4
0.6633 827.865 253.383 126.692 4
0.6683 834.603 300.428 150.214 4
0.6734 876.888 271.553 135.776 4
0.6784 831.439 232.354 116.177 4
0.6834 742.177 225.011 112.505 4
0.6884 762.671 266.344 133.172 4
0.6935 789.184 220.427 110.213 4
0.6985 799.428 222.807 111.404 4
0.7035 760.005 173.637 86.819 4
0.7085 823.413 126.461 63.231 4
0.7136 847.618 140.371 70.185 4
0.7186 881.783 140.697 70.349 4
0.7236 879.854 198.576 99.288 4
0.7286 873.295 295.037 147.519 4
0.7337 911.801 289.200 144.600 4
0.7387 965.093 295.208 147.604 4
0.7437 984.320 316.646 158.323 4
0.7487 954.759 231.177 115.589 4
0.7538 945.692 260.553 130.276 4
0.7588 919.666 386.275 193.137 4
0.7638 949.568 431.628 215.814 4
0.7688 943.720 462.289 231.145 4
0.7739 890.397 499.099 249.550 4
0.7789 820.387 482.129 241.065 4
0.7839 811.168 455.087 227.543 4
0.7889 821.635 459.916 229.958 4
0.7940 752.953 365.771 182.885 4
0.7990 721.694 322.373 161.186 4
0.8040 754.144 353.823 176.912 4
0.8090 730.939 311.302 155.651 4
0.8141 689.134 297.485 148.743 4
0.8191 695.178 327.109 163.554 4
0.8241 703.537 291.567 145.783 4
0.8291 750.397 284.290 142.145 4
0.8342 795.323 284.091 142.045 4
0.8392 789.685 297.014 148.507 4
0.8442 795.493 302.176 151.088 4
0.8492 804.273 288.131 144.066 4
0.8543 820.654 260.080 130.040 4
0.8593 797.485 261.077 130.539 4
0.8643 801.656 298.782 149.391 4
0.8693 798.052 276.638 138.319 4
0.8744 817.313 281.752 140.876 4
0.8794 804.012 299.484 149.742 4
0.8844 731.583 304.062 152.031 4
0.8894 707.927 263.564 131.782 4
0.8945 723.857 319.529 159.765 4
0.8995 770.321 324.357 162.178 4
0.9045 750.368 275.462 137.731 4
0.9095 783.639 328.388 164.194 4
0.9146 813.778 307.971 153.986 4
0.9196 836.514 302.725 151.362 4
0.9246 867.179 333.215 166.608 4
0.9296 896.193 391.993 195.996 4
0.9347 928.033 391.267 195.634 4
0.9397 927.712 348.257 174.129 4
0.9447 920.532 322.874 161.437 4
0.9497 948.318 308.839 154.420 4
0.9548 918.567 290.090 145.045 4
0.9598 923.082 252.105 126.052 4
0.9648 972.869 228.248 114.124 4
0.9698 990.410 223.395 111.697 4
0.9749 1015.512 237.913 118.956 4
0.9799 1062.032 268.384 134.192 4
0.9849 1110.048 327.699 163.850 4
0.9899 1096.826 346.859 173.429 4
0.9950 1071.881 324.823 162.412 4
1.0000 1033.375 329.563 164.781 4
